255 255 255 255 255 255 255 255 255 255 255 255 255 255 255 255
255 205 142 142 179 205 242 217 205 154 205 179 142 142 205 255
255 142 176 145 142 142  54  79  16 179 104 142 145 176 142 255
255 142 145 101 142 192 129 167  85 123 179 142 101 145 142 255
255 179 142 142 154 104 145  94  50  76 142 154 142 142 179 255
255 205 104 129 104 104  38 126 101  50 129  91 192 192 205 255
255 205 126  69 167 142 201 107 170  76 179  72 113  88 192 255
255 255 170 126 148 161 126 120 139 145 148  54  88 164 142 255
255 167  91 135  91 110 110  72 113  94 126  69  82 113 192 255
255 192 179 110 161  79 129 192 157  63 126  57 157 126 142 255
255 205  91 116  79 167 126  76 214 139  66  66 104 167 242 255
255 179 142 142 154  91  88 113 132  94  54 205  85  85 167 255
255 142 145 101 142 179  98  28 145  69 129 142  98  98 217 255
255 142 176 145 142 104 179 148 151  63  79 116  54 167 192 255
255 205 142 142 179 154 205 179 142 142 142 167 205 205 205 255
255 255 255 255 255 255 255 255 255 255 255 255 255 255 255 255
255 255 255 255 255 255 255 255 255 255 255 255 255 255 255 255
255 205 142 142 179 205 242 217 205 154 205 179 142 142 205 255
255 142 176 145 142 142  54  79  16 179 104 142 145 176 142 255
255 142 145 101 142 192 129 167  85 123 179 142 101 145 142 255
255 179 142 142 154 104 145  94  50  76 142 154 142 142 179 255
255 205 104 129 104 104  38 126 101  50 129  91 192 192 205 255
255 205 126  69 167 142 201 107 170  76 179  72 113  88 192 255
255 255 170 126 148 161 126 120 139 145 148  54  88 164 142 255
255 167  91 135  91 110 110  72 113  94 126  69  82 113 192 255
255 192 179 110 161  79 129 192 157  63 126  57 157 126 142 255
255 205  91 116  79 167 126  76 214 139  66  66 104 167 242 255
255 179 142 142 154  91  88 113 132  94  54 205  85  85 167 255
255 142 145 101 142 179  98  28 145  69 129 142  98  98 217 255
255 142 176 145 142 104 179 148 151  63  79 116  54 167 192 255
255 205 142 142 179 154 205 179 142 142 142 167 205 205 205 255
255 255 255 255 255 255 255 255 255 255 255 255 255 255 255 255
255 255 255 255 255 255 255 255 255 255 255 255 255 255 255 255
255 205 142 142 179 205 242 217 205 154 205 179 142 142 205 255
255 142 176 145 142 142  54  79  16 179 104 142 145 176 142 255
255 142 145 101 142 192 129 167  85 123 179 142 101 145 142 255
255 179 142 142 154 104 145  94  50  76 142 154 142 142 179 255
255 205 104 129 104 104  38 126 101  50 129  91 192 192 205 255
255 205 126  69 167 142 201 107 170  76 179  72 113  88 192 255
255 255 170 126 148 161 126 120 139 145 148  54  88 164 142 255
255 167  91 135  91 110 110  72 113  94 126  69  82 113 192 255
255 192 179 110 161  79 129 192 157  63 126  57 157 126 142 255
255 205  91 116  79 167 126  76 214 139  66  66 104 167 242 255
255 179 142 142 154  91  88 113 132  94  54 205  85  85 167 255
255 142 145 101 142 179  98  28 145  69 129 142  98  98 217 255
255 142 176 145 142 104 179 148 151  63  79 116  54 167 192 255
255 205 142 142 179 154 205 179 142 142 142 167 205 205 205 255
255 255 255 255 255 255 255 255 255 255 255 255 255 255 255 255

  0   0   0   0   0   0   0   0   0   0   0   0   0   0   0   0
255 255 255 255 255 255 255 255 255 255 255 255 255 255 255 255
255 205 142 142 179 205 192 142 192 142 242 167 217 192 205 255
255 142 176 145 142 192  88 164 113 126 167  85  98 167 205 255
255 142 145 101 142 192 113  88  82 157 104  85  98  54 205 255
255 179 142 142 154  91  72  54  69  57  66 205 142 116 167 255
255 205 104 179 142 129 179 148 126 126  66  54 129  79 142 255
255 154 179 123  76  50  76 145  94  63 139  94  69  63 142 255
255 205  16  85  50 101 170 139 113 157 214 132 145 151 142 255
255 217  79 167  94 126 107 120  72 192  76 113  28 148 179 255
255 242  54 129 145  38 201 126 110 129 126  88  98 179 205 255
255 205 142 192 104 104 142 161 110  79 167  91 179 104 154 255
255 179 142 142 154 104 167 148  91 161  79 154 142 142 179 255
255 142 145 101 142 129  69 126 135 110 116 142 101 145 142 255
255 142 176 145 142 104 126 170  91 179  91 142 145 176 142 255
255 205 142 142 179 205 205 255 167 192 205 179 142 142 205 255
  0   0   0   0   0   0   0   0   0   0   0   0   0   0   0   0
255 255 255 255 255 255 255 255 255 255 255 255 255 255 255 255
255 205 142 142 179 205 192 142 192 142 242 167 217 192 205 255
255 142 176 145 142 192  88 164 113 126 167  85  98 167 205 255
255 142 145 101 142 192 113  88  82 157 104  85  98  54 205 255
255 179 142 142 154  91  72  54  69  57  66 205 142 116 167 255
255 205 104 179 142 129 179 148 126 126  66  54 129  79 142 255
255 154 179 123  76  50  76 145  94  63 139  94  69  63 142 255
255 205  16  85  50 101 170 139 113 157 214 132 145 151 142 255
255 217  79 167  94 126 107 120  72 192  76 113  28 148 179 255
255 242  54 129 145  38 201 126 110 129 126  88  98 179 205 255
255 205 142 192 104 104 142 161 110  79 167  91 179 104 154 255
255 179 142 142 154 104 167 148  91 161  79 154 142 142 179 255
255 142 145 101 142 129  69 126 135 110 116 142 101 145 142 255
255 142 176 145 142 104 126 170  91 179  91 142 145 176 142 255
255 205 142 142 179 205 205 255 167 192 205 179 142 142 205 255
  0   0   0   0   0   0   0   0   0   0   0   0   0   0   0   0
255 255 255 255 255 255 255 255 255 255 255 255 255 255 255 255
255 205 142 142 179 205 192 142 192 142 242 167 217 192 205 255
255 142 176 145 142 192  88 164 113 126 167  85  98 167 205 255
255 142 145 101 142 192 113  88  82 157 104  85  98  54 205 255
255 179 142 142 154  91  72  54  69  57  66 205 142 116 167 255
255 205 104 179 142 129 179 148 126 126  66  54 129  79 142 255
255 154 179 123  76  50  76 145  94  63 139  94  69  63 142 255
255 205  16  85  50 101 170 139 113 157 214 132 145 151 142 255
255 217  79 167  94 126 107 120  72 192  76 113  28 148 179 255
255 242  54 129 145  38 201 126 110 129 126  88  98 179 205 255
255 205 142 192 104 104 142 161 110  79 167  91 179 104 154 255
255 179 142 142 154 104 167 148  91 161  79 154 142 142 179 255
255 142 145 101 142 129  69 126 135 110 116 142 101 145 142 255
255 142 176 145 142 104 126 170  91 179  91 142 145 176 142 255
255 205 142 142 179 205 205 255 167 192 205 179 142 142 205 255

  0   0   0   0   0   0   0   0   0   0   0   0   0   0   0   0
  0 255 255 255 255 255 255 255 255 255 255 255 255 255 255 255
  0 255 205 205 205 167 142 142 142 179 205 154 179 142 142 205
  0 255 192 167  54 116  79  63 151 148 179 104 142 145 176 142
  0 255 217  98  98 142 129  69 145  28  98 179 142 101 145 142
  0 255 167  85  85 205  54  94 132 113  88  91 154 142 142 179
  0 255 242 167 104  66  66 139 214  76 126 167  79 116  91 205
  0 255 142 126 157  57 126  63 157 192 129  79 161 110 179 192
  0 255 192 113  82  69 126  94 113  72 110 110  91 135  91 167
  0 255 142 164  88  54 148 145 139 120 126 161 148 126 170 255
  0 255 192  88 113  72 179  76 170 107 201 142 167  69 126 205
  0 255 205 192 192  91 129  50 101 126  38 104 104 129 104 205
  0 255 179 142 142 154 142  76  50  94 145 104 154 142 142 179
  0 255 142 145 101 142 179 123  85 167 129 192 142 101 145 142
  0 255 142 176 145 142 104 179  16  79  54 142 142 145 176 142
  0 255 205 142 142 179 205 154 205 217 242 205 179 142 142 205
  0   0   0   0   0   0   0   0   0   0   0   0   0   0   0   0
  0 255 255 255 255 255 255 255 255 255 255 255 255 255 255 255
  0 255 205 205 205 167 142 142 142 179 205 154 179 142 142 205
  0 255 192 167  54 116  79  63 151 148 179 104 142 145 176 142
  0 255 217  98  98 142 129  69 145  28  98 179 142 101 145 142
  0 255 167  85  85 205  54  94 132 113  88  91 154 142 142 179
  0 255 242 167 104  66  66 139 214  76 126 167  79 116  91 205
  0 255 142 126 157  57 126  63 157 192 129  79 161 110 179 192
  0 255 192 113  82  69 126  94 113  72 110 110  91 135  91 167
  0 255 142 164  88  54 148 145 139 120 126 161 148 126 170 255
  0 255 192  88 113  72 179  76 170 107 201 142 167  69 126 205
  0 255 205 192 192  91 129  50 101 126  38 104 104 129 104 205
  0 255 179 142 142 154 142  76  50  94 145 104 154 142 142 179
  0 255 142 145 101 142 179 123  85 167 129 192 142 101 145 142
  0 255 142 176 145 142 104 179  16  79  54 142 142 145 176 142
  0 255 205 142 142 179 205 154 205 217 242 205 179 142 142 205
  0   0   0   0   0   0   0   0   0   0   0   0   0   0   0   0
  0 255 255 255 255 255 255 255 255 255 255 255 255 255 255 255
  0 255 205 205 205 167 142 142 142 179 205 154 179 142 142 205
  0 255 192 167  54 116  79  63 151 148 179 104 142 145 176 142
  0 255 217  98  98 142 129  69 145  28  98 179 142 101 145 142
  0 255 167  85  85 205  54  94 132 113  88  91 154 142 142 179
  0 255 242 167 104  66  66 139 214  76 126 167  79 116  91 205
  0 255 142 126 157  57 126  63 157 192 129  79 161 110 179 192
  0 255 192 113  82  69 126  94 113  72 110 110  91 135  91 167
  0 255 142 164  88  54 148 145 139 120 126 161 148 126 170 255
  0 255 192  88 113  72 179  76 170 107 201 142 167  69 126 205
  0 255 205 192 192  91 129  50 101 126  38 104 104 129 104 205
  0 255 179 142 142 154 142  76  50  94 145 104 154 142 142 179
  0 255 142 145 101 142 179 123  85 167 129 192 142 101 145 142
  0 255 142 176 145 142 104 179  16  79  54 142 142 145 176 142
  0 255 205 142 142 179 205 154 205 217 242 205 179 142 142 205

  0 255 255 255 255 255 255 255 255 255 255 255 255 255 255 255
  0 255 205 142 142 179 205 192 167 255 205 205 179 142 142 205
  0 255 142 176 145 142  91 179  91 170 126 104 142 145 176 142
  0 255 142 145 101 142 116 110 135 126  69 129 142 101 145 142
  0 255 179 142 142 154  79 161  91 148 167 104 154 142 142 179
  0 255 154 104 179  91 167  79 110 161 142 104 104 192 142 205
  0 255 205 179  98  88 126 129 110 126 201  38 145 129  54 242
  0 255 179 148  28 113  76 192  72 120 107 126  94 167  79 217
  0 255 142 151 145 132 214 157 113 139 170 101  50  85  16 205
  0 255 142  63  69  94 139  63  94 145  76  50  76 123 179 154
  0 255 142  79 129  54  66 126 126 148 179 129 142 179 104 205
  0 255 167 116 142 205  66  57  69  54  72  91 154 142 142 179
  0 255 205  54  98  85 104 157  82  88 113 192 142 101 145 142
  0 255 205 167  98  85 167 126 113 164  88 192 142 145 176 142
  0 255 205 192 217 167 242 142 192 142 192 205 179 142 142 205
  0 255 255 255 255 255 255 255 255 255 255 255 255 255 255 255
  0 255 255 255 255 255 255 255 255 255 255 255 255 255 255 255
  0 255 205 142 142 179 205 192 167 255 205 205 179 142 142 205
  0 255 142 176 145 142  91 179  91 170 126 104 142 145 176 142
  0 255 142 145 101 142 116 110 135 126  69 129 142 101 145 142
  0 255 179 142 142 154  79 161  91 148 167 104 154 142 142 179
  0 255 154 104 179  91 167  79 110 161 142 104 104 192 142 205
  0 255 205 179  98  88 126 129 110 126 201  38 145 129  54 242
  0 255 179 148  28 113  76 192  72 120 107 126  94 167  79 217
  0 255 142 151 145 132 214 157 113 139 170 101  50  85  16 205
  0 255 142  63  69  94 139  63  94 145  76  50  76 123 179 154
  0 255 142  79 129  54  66 126 126 148 179 129 142 179 104 205
  0 255 167 116 142 205  66  57  69  54  72  91 154 142 142 179
  0 255 205  54  98  85 104 157  82  88 113 192 142 101 145 142
  0 255 205 167  98  85 167 126 113 164  88 192 142 145 176 142
  0 255 205 192 217 167 242 142 192 142 192 205 179 142 142 205
  0 255 255 255 255 255 255 255 255 255 255 255 255 255 255 255
  0 255 255 255 255 255 255 255 255 255 255 255 255 255 255 255
  0 255 205 142 142 179 205 192 167 255 205 205 179 142 142 205
  0 255 142 176 145 142  91 179  91 170 126 104 142 145 176 142
  0 255 142 145 101 142 116 110 135 126  69 129 142 101 145 142
  0 255 179 142 142 154  79 161  91 148 167 104 154 142 142 179
  0 255 154 104 179  91 167  79 110 161 142 104 104 192 142 205
  0 255 205 179  98  88 126 129 110 126 201  38 145 129  54 242
  0 255 179 148  28 113  76 192  72 120 107 126  94 167  79 217
  0 255 142 151 145 132 214 157 113 139 170 101  50  85  16 205
  0 255 142  63  69  94 139  63  94 145  76  50  76 123 179 154
  0 255 142  79 129  54  66 126 126 148 179 129 142 179 104 205
  0 255 167 116 142 205  66  57  69  54  72  91 154 142 142 179
  0 255 205  54  98  85 104 157  82  88 113 192 142 101 145 142
  0 255 205 167  98  85 167 126 113 164  88 192 142 145 176 142
  0 255 205 192 217 167 242 142 192 142 192 205 179 142 142 205
  0 255 255 255 255 255 255 255 255 255 255 255 255 255 255 255
