255 255 255 255 255 255 255 255 255 255 255 255 255 255 255 255
255 205 142 142 179 205 192 167 255 205 255 179 142 142 205 255
255 142 176 145 142 205 139  88 164 151 129 142 145 176 142 255
255 142 145 101 142 205 164  38 132 107 129 142 101 145 142 255
255 179 142 142 154 167  85  98 151 183 205 154 142 142 179 255
255 154 129 129 167  79 116 154 107 189 142 167 205 154 205 255
255 205 192 211 123 116  25 132  82 189 113 145 116 192 192 255
255 179 148  28  98 116 151 157  88 183 120 126 129 116 142 255
255 230 110 129 123 205 110 173 179 255 205 198 145 170 179 255
255 154  66  72  98 179  79 154 116  91  54 173  76 139 205 255
255 154  91 167 154 192 116  91 116 142  66  54  31  76 255 255
255 179 142 142 154 142 129 167 135  85  66 205  76 233 230 255
255 142 145 101 142 104 157 113  82 214   6  94  98 242 192 255
255 142 176 145 142  79 227 107 183 101 164 176 135  91 142 255
255 205 142 142 179 205 205 179 230 205 154 230 179 255 255 255
255 255 255 255 255 255 255 255 255 255 255 255 255 255 255 255
255 255 255 255 255 255 255 255 255 255 255 255 255 255 255 255
255 205 142 142 179 205 192 167 255 205 255 179 142 142 205 255
255 142 176 145 142 205 139  88 164 151 129 142 145 176 142 255
255 142 145 101 142 205 164  38 132 107 129 142 101 145 142 255
255 179 142 142 154 167  85  98 151 183 205 154 142 142 179 255
255 154 129 129 167  79 116 154 107 189 142 167 205 154 205 255
255 205 192 211 123 116  25 132  82 189 113 145 116 192 192 255
255 179 148  28  98 116 151 157  88 183 120 126 129 116 142 255
255 230 110 129 123 205 110 173 179 255 205 198 145 170 179 255
255 154  66  72  98 179  79 154 116  91  54 173  76 139 205 255
255 154  91 167 154 192 116  91 116 142  66  54  31  76 255 255
255 179 142 142 154 142 129 167 135  85  66 205  76 233 230 255
255 142 145 101 142 104 157 113  82 214   6  94  98 242 192 255
255 142 176 145 142  79 227 107 183 101 164 176 135  91 142 255
255 205 142 142 179 205 205 179 230 205 154 230 179 255 255 255
255 255 255 255 255 255 255 255 255 255 255 255 255 255 255 255
255 255 255 255 255 255 255 255 255 255 255 255 255 255 255 255
255 205 142 142 179 205 192 167 255 205 255 179 142 142 205 255
255 142 176 145 142 205 139  88 164 151 129 142 145 176 142 255
255 142 145 101 142 205 164  38 132 107 129 142 101 145 142 255
255 179 142 142 154 167  85  98 151 183 205 154 142 142 179 255
255 154 129 129 167  79 116 154 107 189 142 167 205 154 205 255
255 205 192 211 123 116  25 132  82 189 113 145 116 192 192 255
255 179 148  28  98 116 151 157  88 183 120 126 129 116 142 255
255 230 110 129 123 205 110 173 179 255 205 198 145 170 179 255
255 154  66  72  98 179  79 154 116  91  54 173  76 139 205 255
255 154  91 167 154 192 116  91 116 142  66  54  31  76 255 255
255 179 142 142 154 142 129 167 135  85  66 205  76 233 230 255
255 142 145 101 142 104 157 113  82 214   6  94  98 242 192 255
255 142 176 145 142  79 227 107 183 101 164 176 135  91 142 255
255 205 142 142 179 205 205 179 230 205 154 230 179 255 255 255
255 255 255 255 255 255 255 255 255 255 255 255 255 255 255 255

  0   0   0   0   0   0   0   0   0   0   0   0   0   0   0   0
255 255 255 255 255 255 255 255 255 255 255 255 255 255 255 255
255 205 142 142 179 205 192 142 179 205 255 230 192 142 255 255
255 142 176 145 142 154 192 116 170 139  76 233 242  91 255 255
255 142 145 101 142 205 116 129 145  76  31  76  98 135 179 255
255 179 142 142 154 167 145 126 198 173  54 205  94 176 230 255
255 255 129 129 205 142 113 120 205  54  66  66   6 164 154 255
255 205 151 107 183 189 189 183 255  91 142  85 214 101 205 255
255 255 164 132 151 107  82  88 179 116 116 135  82 183 230 255
255 167  88  38  98 154 132 157 173 154  91 167 113 107 179 255
255 192 139 164  85 116  25 151 110  79 116 129 157 227 205 255
255 205 205 205 167  79 116 116 205 179 192 142 104  79 205 255
255 179 142 142 154 167 123  98 123  98 154 154 142 142 179 255
255 142 145 101 142 129 211  28 129  72 167 142 101 145 142 255
255 142 176 145 142 129 192 148 110  66  91 142 145 176 142 255
255 205 142 142 179 154 205 179 230 154 154 179 142 142 205 255
  0   0   0   0   0   0   0   0   0   0   0   0   0   0   0   0
255 255 255 255 255 255 255 255 255 255 255 255 255 255 255 255
255 205 142 142 179 205 192 142 179 205 255 230 192 142 255 255
255 142 176 145 142 154 192 116 170 139  76 233 242  91 255 255
255 142 145 101 142 205 116 129 145  76  31  76  98 135 179 255
255 179 142 142 154 167 145 126 198 173  54 205  94 176 230 255
255 255 129 129 205 142 113 120 205  54  66  66   6 164 154 255
255 205 151 107 183 189 189 183 255  91 142  85 214 101 205 255
255 255 164 132 151 107  82  88 179 116 116 135  82 183 230 255
255 167  88  38  98 154 132 157 173 154  91 167 113 107 179 255
255 192 139 164  85 116  25 151 110  79 116 129 157 227 205 255
255 205 205 205 167  79 116 116 205 179 192 142 104  79 205 255
255 179 142 142 154 167 123  98 123  98 154 154 142 142 179 255
255 142 145 101 142 129 211  28 129  72 167 142 101 145 142 255
255 142 176 145 142 129 192 148 110  66  91 142 145 176 142 255
255 205 142 142 179 154 205 179 230 154 154 179 142 142 205 255
  0   0   0   0   0   0   0   0   0   0   0   0   0   0   0   0
255 255 255 255 255 255 255 255 255 255 255 255 255 255 255 255
255 205 142 142 179 205 192 142 179 205 255 230 192 142 255 255
255 142 176 145 142 154 192 116 170 139  76 233 242  91 255 255
255 142 145 101 142 205 116 129 145  76  31  76  98 135 179 255
255 179 142 142 154 167 145 126 198 173  54 205  94 176 230 255
255 255 129 129 205 142 113 120 205  54  66  66   6 164 154 255
255 205 151 107 183 189 189 183 255  91 142  85 214 101 205 255
255 255 164 132 151 107  82  88 179 116 116 135  82 183 230 255
255 167  88  38  98 154 132 157 173 154  91 167 113 107 179 255
255 192 139 164  85 116  25 151 110  79 116 129 157 227 205 255
255 205 205 205 167  79 116 116 205 179 192 142 104  79 205 255
255 179 142 142 154 167 123  98 123  98 154 154 142 142 179 255
255 142 145 101 142 129 211  28 129  72 167 142 101 145 142 255
255 142 176 145 142 129 192 148 110  66  91 142 145 176 142 255
255 205 142 142 179 154 205 179 230 154 154 179 142 142 205 255

  0   0   0   0   0   0   0   0   0   0   0   0   0   0   0   0
  0 255 255 255 255 255 255 255 255 255 255 255 255 255 255 255
  0 255 255 255 179 230 154 205 230 179 205 205 179 142 142 205
  0 255 142  91 135 176 164 101 183 107 227  79 142 145 176 142
  0 255 192 242  98  94   6 214  82 113 157 104 142 101 145 142
  0 255 230 233  76 205  66  85 135 167 129 142 154 142 142 179
  0 255 255  76  31  54  66 142 116  91 116 192 154 167  91 154
  0 255 205 139  76 173  54  91 116 154  79 179  98  72  66 154
  0 255 179 170 145 198 205 255 179 173 110 205 123 129 110 230
  0 255 142 116 129 126 120 183  88 157 151 116  98  28 148 179
  0 255 192 192 116 145 113 189  82 132  25 116 123 211 192 205
  0 255 205 154 205 167 142 189 107 154 116  79 167 129 129 154
  0 255 179 142 142 154 205 183 151  98  85 167 154 142 142 179
  0 255 142 145 101 142 129 107 132  38 164 205 142 101 145 142
  0 255 142 176 145 142 129 151 164  88 139 205 142 145 176 142
  0 255 205 142 142 179 255 205 255 167 192 205 179 142 142 205
  0   0   0   0   0   0   0   0   0   0   0   0   0   0   0   0
  0 255 255 255 255 255 255 255 255 255 255 255 255 255 255 255
  0 255 255 255 179 230 154 205 230 179 205 205 179 142 142 205
  0 255 142  91 135 176 164 101 183 107 227  79 142 145 176 142
  0 255 192 242  98  94   6 214  82 113 157 104 142 101 145 142
  0 255 230 233  76 205  66  85 135 167 129 142 154 142 142 179
  0 255 255  76  31  54  66 142 116  91 116 192 154 167  91 154
  0 255 205 139  76 173  54  91 116 154  79 179  98  72  66 154
  0 255 179 170 145 198 205 255 179 173 110 205 123 129 110 230
  0 255 142 116 129 126 120 183  88 157 151 116  98  28 148 179
  0 255 192 192 116 145 113 189  82 132  25 116 123 211 192 205
  0 255 205 154 205 167 142 189 107 154 116  79 167 129 129 154
  0 255 179 142 142 154 205 183 151  98  85 167 154 142 142 179
  0 255 142 145 101 142 129 107 132  38 164 205 142 101 145 142
  0 255 142 176 145 142 129 151 164  88 139 205 142 145 176 142
  0 255 205 142 142 179 255 205 255 167 192 205 179 142 142 205
  0   0   0   0   0   0   0   0   0   0   0   0   0   0   0   0
  0 255 255 255 255 255 255 255 255 255 255 255 255 255 255 255
  0 255 255 255 179 230 154 205 230 179 205 205 179 142 142 205
  0 255 142  91 135 176 164 101 183 107 227  79 142 145 176 142
  0 255 192 242  98  94   6 214  82 113 157 104 142 101 145 142
  0 255 230 233  76 205  66  85 135 167 129 142 154 142 142 179
  0 255 255  76  31  54  66 142 116  91 116 192 154 167  91 154
  0 255 205 139  76 173  54  91 116 154  79 179  98  72  66 154
  0 255 179 170 145 198 205 255 179 173 110 205 123 129 110 230
  0 255 142 116 129 126 120 183  88 157 151 116  98  28 148 179
  0 255 192 192 116 145 113 189  82 132  25 116 123 211 192 205
  0 255 205 154 205 167 142 189 107 154 116  79 167 129 129 154
  0 255 179 142 142 154 205 183 151  98  85 167 154 142 142 179
  0 255 142 145 101 142 129 107 132  38 164 205 142 101 145 142
  0 255 142 176 145 142 129 151 164  88 139 205 142 145 176 142
  0 255 205 142 142 179 255 205 255 167 192 205 179 142 142 205

  0 255 255 255 255 255 255 255 255 255 255 255 255 255 255 255
  0 255 205 142 142 179 154 154 230 179 205 154 179 142 142 205
  0 255 142 176 145 142  91  66 110 148 192 129 142 145 176 142
  0 255 142 145 101 142 167  72 129  28 211 129 142 101 145 142
  0 255 179 142 142 154 154  98 123  98 123 167 154 142 142 179
  0 255 205  79 104 142 192 179 205 116 116  79 167 205 205 205
  0 255 205 227 157 129 116  79 110 151  25 116  85 164 139 192
  0 255 179 107 113 167  91 154 173 157 132 154  98  38  88 167
  0 255 230 183  82 135 116 116 179  88  82 107 151 132 164 255
  0 255 205 101 214  85 142  91 255 183 189 189 183 107 151 205
  0 255 154 164   6  66  66  54 205 120 113 142 205 129 129 255
  0 255 230 176  94 205  54 173 198 126 145 167 154 142 142 179
  0 255 179 135  98  76  31  76 145 129 116 205 142 101 145 142
  0 255 255  91 242 233  76 139 170 116 192 154 142 145 176 142
  0 255 255 142 192 230 255 205 179 142 192 205 179 142 142 205
  0 255 255 255 255 255 255 255 255 255 255 255 255 255 255 255
  0 255 255 255 255 255 255 255 255 255 255 255 255 255 255 255
  0 255 205 142 142 179 154 154 230 179 205 154 179 142 142 205
  0 255 142 176 145 142  91  66 110 148 192 129 142 145 176 142
  0 255 142 145 101 142 167  72 129  28 211 129 142 101 145 142
  0 255 179 142 142 154 154  98 123  98 123 167 154 142 142 179
  0 255 205  79 104 142 192 179 205 116 116  79 167 205 205 205
  0 255 205 227 157 129 116  79 110 151  25 116  85 164 139 192
  0 255 179 107 113 167  91 154 173 157 132 154  98  38  88 167
  0 255 230 183  82 135 116 116 179  88  82 107 151 132 164 255
  0 255 205 101 214  85 142  91 255 183 189 189 183 107 151 205
  0 255 154 164   6  66  66  54 205 120 113 142 205 129 129 255
  0 255 230 176  94 205  54 173 198 126 145 167 154 142 142 179
  0 255 179 135  98  76  31  76 145 129 116 205 142 101 145 142
  0 255 255  91 242 233  76 139 170 116 192 154 142 145 176 142
  0 255 255 142 192 230 255 205 179 142 192 205 179 142 142 205
  0 255 255 255 255 255 255 255 255 255 255 255 255 255 255 255
  0 255 255 255 255 255 255 255 255 255 255 255 255 255 255 255
  0 255 205 142 142 179 154 154 230 179 205 154 179 142 142 205
  0 255 142 176 145 142  91  66 110 148 192 129 142 145 176 142
  0 255 142 145 101 142 167  72 129  28 211 129 142 101 145 142
  0 255 179 142 142 154 154  98 123  98 123 167 154 142 142 179
  0 255 205  79 104 142 192 179 205 116 116  79 167 205 205 205
  0 255 205 227 157 129 116  79 110 151  25 116  85 164 139 192
  0 255 179 107 113 167  91 154 173 157 132 154  98  38  88 167
  0 255 230 183  82 135 116 116 179  88  82 107 151 132 164 255
  0 255 205 101 214  85 142  91 255 183 189 189 183 107 151 205
  0 255 154 164   6  66  66  54 205 120 113 142 205 129 129 255
  0 255 230 176  94 205  54 173 198 126 145 167 154 142 142 179
  0 255 179 135  98  76  31  76 145 129 116 205 142 101 145 142
  0 255 255  91 242 233  76 139 170 116 192 154 142 145 176 142
  0 255 255 142 192 230 255 205 179 142 192 205 179 142 142 205
  0 255 255 255 255 255 255 255 255 255 255 255 255 255 255 255
