255 255 255 255 255 255 255 255 255 255 255 255 255 255 255 255
255 205 142 142 179 205 192 167 255 205 255 179 142 142 205 255
255 142 176 145 142 205 139  88 164 151 129 142 145 176 142 255
255 142 145 101 142 205 164  38 132 107 129 142 101 145 142 255
255 179 142 142 154 167  85  98 151 183 205 154 142 142 179 255
255 205 129 129 205 142 116 154 107 189 142 167 205 154 205 255
255 255  13  13  50 101  25 132  82 189 113 145 116 192 192 255
255 205 189 101  63  76 151 157  88 183 120 126 129 116 142 255
255 167 148 135 135 161 110 173 179 255 205 198 145 170 179 255
255 142 179  54 104 142 129 154 116  91  54 173  76 139 205 255
255 154 104 205 167 116 230  91 116 142  66  54  31  76 255 255
255 179 142 142 154 154 192 167 135  85  66 205  76 233 230 255
255 142 145 101 142  54 145 113  82 214   6  94  98 242 192 255
255 142 176 145 142 129 189 208 157 101 164 176 135  91 142 255
255 205 142 142 179 154 205 179 230 205 154 230 179 255 255 255
255 255 255 255 255 255 255 255 255 255 255 255 255 255 255 255
255 255 255 255 255 255 255 255 255 255 255 255 255 255 255 255
255 205 142 142 179 205 192 167 255 205 255 179 142 142 205 255
255 142 176 145 142 205 139  88 164 151 129 142 145 176 142 255
255 142 145 101 142 205 164  38 132 107 129 142 101 145 142 255
255 179 142 142 154 167  85  98 151 183 205 154 142 142 179 255
255 205 129 129 205 142 116 154 107 189 142 167 205 154 205 255
255 255  13  13  50 101  25 132  82 189 113 145 116 192 192 255
255 205 189 101  63  76 151 157  88 183 120 126 129 116 142 255
255 167 148 135 135 161 110 173 179 255 205 198 145 170 179 255
255 142 179  54 104 142 129 154 116  91  54 173  76 139 205 255
255 154 104 205 167 116 230  91 116 142  66  54  31  76 255 255
255 179 142 142 154 154 192 167 135  85  66 205  76 233 230 255
255 142 145 101 142  54 145 113  82 214   6  94  98 242 192 255
255 142 176 145 142 129 189 208 157 101 164 176 135  91 142 255
255 205 142 142 179 154 205 179 230 205 154 230 179 255 255 255
255 255 255 255 255 255 255 255 255 255 255 255 255 255 255 255
255 255 255 255 255 255 255 255 255 255 255 255 255 255 255 255
255 205 142 142 179 205 192 167 255 205 255 179 142 142 205 255
255 142 176 145 142 205 139  88 164 151 129 142 145 176 142 255
255 142 145 101 142 205 164  38 132 107 129 142 101 145 142 255
255 179 142 142 154 167  85  98 151 183 205 154 142 142 179 255
255 205 129 129 205 142 116 154 107 189 142 167 205 154 205 255
255 255  13  13  50 101  25 132  82 189 113 145 116 192 192 255
255 205 189 101  63  76 151 157  88 183 120 126 129 116 142 255
255 167 148 135 135 161 110 173 179 255 205 198 145 170 179 255
255 142 179  54 104 142 129 154 116  91  54 173  76 139 205 255
255 154 104 205 167 116 230  91 116 142  66  54  31  76 255 255
255 179 142 142 154 154 192 167 135  85  66 205  76 233 230 255
255 142 145 101 142  54 145 113  82 214   6  94  98 242 192 255
255 142 176 145 142 129 189 208 157 101 164 176 135  91 142 255
255 205 142 142 179 154 205 179 230 205 154 230 179 255 255 255
255 255 255 255 255 255 255 255 255 255 255 255 255 255 255 255

  0   0   0   0   0   0   0   0   0   0   0   0   0   0   0   0
255 255 255 255 255 255 255 255 255 255 255 255 255 255 255 255
255 205 142 142 179 205 192 142 179 205 255 230 192 142 255 255
255 142 176 145 142 154 192 116 170 139  76 233 242  91 255 255
255 142 145 101 142 205 116 129 145  76  31  76  98 135 179 255
255 179 142 142 154 167 145 126 198 173  54 205  94 176 230 255
255 255 129 129 205 142 113 120 205  54  66  66   6 164 154 255
255 205 151 107 183 189 189 183 255  91 142  85 214 101 205 255
255 255 164 132 151 107  82  88 179 116 116 135  82 157 230 255
255 167  88  38  98 154 132 157 173 154  91 167 113 208 179 255
255 192 139 164  85 116  25 151 110 129 230 192 145 189 205 255
255 205 205 205 167 142 101  76 161 142 116 154  54 129 154 255
255 179 142 142 154 205  50  63 135 104 167 154 142 142 179 255
255 142 145 101 142 129  13 101 135  54 205 142 101 145 142 255
255 142 176 145 142 129  13 189 148 179 104 142 145 176 142 255
255 205 142 142 179 205 255 205 167 142 154 179 142 142 205 255
  0   0   0   0   0   0   0   0   0   0   0   0   0   0   0   0
255 255 255 255 255 255 255 255 255 255 255 255 255 255 255 255
255 205 142 142 179 205 192 142 179 205 255 230 192 142 255 255
255 142 176 145 142 154 192 116 170 139  76 233 242  91 255 255
255 142 145 101 142 205 116 129 145  76  31  76  98 135 179 255
255 179 142 142 154 167 145 126 198 173  54 205  94 176 230 255
255 255 129 129 205 142 113 120 205  54  66  66   6 164 154 255
255 205 151 107 183 189 189 183 255  91 142  85 214 101 205 255
255 255 164 132 151 107  82  88 179 116 116 135  82 157 230 255
255 167  88  38  98 154 132 157 173 154  91 167 113 208 179 255
255 192 139 164  85 116  25 151 110 129 230 192 145 189 205 255
255 205 205 205 167 142 101  76 161 142 116 154  54 129 154 255
255 179 142 142 154 205  50  63 135 104 167 154 142 142 179 255
255 142 145 101 142 129  13 101 135  54 205 142 101 145 142 255
255 142 176 145 142 129  13 189 148 179 104 142 145 176 142 255
255 205 142 142 179 205 255 205 167 142 154 179 142 142 205 255
  0   0   0   0   0   0   0   0   0   0   0   0   0   0   0   0
255 255 255 255 255 255 255 255 255 255 255 255 255 255 255 255
255 205 142 142 179 205 192 142 179 205 255 230 192 142 255 255
255 142 176 145 142 154 192 116 170 139  76 233 242  91 255 255
255 142 145 101 142 205 116 129 145  76  31  76  98 135 179 255
255 179 142 142 154 167 145 126 198 173  54 205  94 176 230 255
255 255 129 129 205 142 113 120 205  54  66  66   6 164 154 255
255 205 151 107 183 189 189 183 255  91 142  85 214 101 205 255
255 255 164 132 151 107  82  88 179 116 116 135  82 157 230 255
255 167  88  38  98 154 132 157 173 154  91 167 113 208 179 255
255 192 139 164  85 116  25 151 110 129 230 192 145 189 205 255
255 205 205 205 167 142 101  76 161 142 116 154  54 129 154 255
255 179 142 142 154 205  50  63 135 104 167 154 142 142 179 255
255 142 145 101 142 129  13 101 135  54 205 142 101 145 142 255
255 142 176 145 142 129  13 189 148 179 104 142 145 176 142 255
255 205 142 142 179 205 255 205 167 142 154 179 142 142 205 255

  0   0   0   0   0   0   0   0   0   0   0   0   0   0   0   0
  0 255 255 255 255 255 255 255 255 255 255 255 255 255 255 255
  0 255 255 255 179 230 154 205 230 179 205 154 179 142 142 205
  0 255 142  91 135 176 164 101 157 208 189 129 142 145 176 142
  0 255 192 242  98  94   6 214  82 113 145  54 142 101 145 142
  0 255 230 233  76 205  66  85 135 167 192 154 154 142 142 179
  0 255 255  76  31  54  66 142 116  91 230 116 167 205 104 154
  0 255 205 139  76 173  54  91 116 154 129 142 104  54 179 142
  0 255 179 170 145 198 205 255 179 173 110 161 135 135 148 167
  0 255 142 116 129 126 120 183  88 157 151  76  63 101 189 205
  0 255 192 192 116 145 113 189  82 132  25 101  50  13  13 255
  0 255 205 154 205 167 142 189 107 154 116 142 205 129 129 205
  0 255 179 142 142 154 205 183 151  98  85 167 154 142 142 179
  0 255 142 145 101 142 129 107 132  38 164 205 142 101 145 142
  0 255 142 176 145 142 129 151 164  88 139 205 142 145 176 142
  0 255 205 142 142 179 255 205 255 167 192 205 179 142 142 205
  0   0   0   0   0   0   0   0   0   0   0   0   0   0   0   0
  0 255 255 255 255 255 255 255 255 255 255 255 255 255 255 255
  0 255 255 255 179 230 154 205 230 179 205 154 179 142 142 205
  0 255 142  91 135 176 164 101 157 208 189 129 142 145 176 142
  0 255 192 242  98  94   6 214  82 113 145  54 142 101 145 142
  0 255 230 233  76 205  66  85 135 167 192 154 154 142 142 179
  0 255 255  76  31  54  66 142 116  91 230 116 167 205 104 154
  0 255 205 139  76 173  54  91 116 154 129 142 104  54 179 142
  0 255 179 170 145 198 205 255 179 173 110 161 135 135 148 167
  0 255 142 116 129 126 120 183  88 157 151  76  63 101 189 205
  0 255 192 192 116 145 113 189  82 132  25 101  50  13  13 255
  0 255 205 154 205 167 142 189 107 154 116 142 205 129 129 205
  0 255 179 142 142 154 205 183 151  98  85 167 154 142 142 179
  0 255 142 145 101 142 129 107 132  38 164 205 142 101 145 142
  0 255 142 176 145 142 129 151 164  88 139 205 142 145 176 142
  0 255 205 142 142 179 255 205 255 167 192 205 179 142 142 205
  0   0   0   0   0   0   0   0   0   0   0   0   0   0   0   0
  0 255 255 255 255 255 255 255 255 255 255 255 255 255 255 255
  0 255 255 255 179 230 154 205 230 179 205 154 179 142 142 205
  0 255 142  91 135 176 164 101 157 208 189 129 142 145 176 142
  0 255 192 242  98  94   6 214  82 113 145  54 142 101 145 142
  0 255 230 233  76 205  66  85 135 167 192 154 154 142 142 179
  0 255 255  76  31  54  66 142 116  91 230 116 167 205 104 154
  0 255 205 139  76 173  54  91 116 154 129 142 104  54 179 142
  0 255 179 170 145 198 205 255 179 173 110 161 135 135 148 167
  0 255 142 116 129 126 120 183  88 157 151  76  63 101 189 205
  0 255 192 192 116 145 113 189  82 132  25 101  50  13  13 255
  0 255 205 154 205 167 142 189 107 154 116 142 205 129 129 205
  0 255 179 142 142 154 205 183 151  98  85 167 154 142 142 179
  0 255 142 145 101 142 129 107 132  38 164 205 142 101 145 142
  0 255 142 176 145 142 129 151 164  88 139 205 142 145 176 142
  0 255 205 142 142 179 255 205 255 167 192 205 179 142 142 205

  0 255 255 255 255 255 255 255 255 255 255 255 255 255 255 255
  0 255 205 142 142 179 154 142 167 205 255 205 179 142 142 205
  0 255 142 176 145 142 104 179 148 189  13 129 142 145 176 142
  0 255 142 145 101 142 205  54 135 101  13 129 142 101 145 142
  0 255 179 142 142 154 167 104 135  63  50 205 154 142 142 179
  0 255 154 129  54 154 116 142 161  76 101 142 167 205 205 205
  0 255 205 189 145 192 230 129 110 151  25 116  85 164 139 192
  0 255 179 208 113 167  91 154 173 157 132 154  98  38  88 167
  0 255 230 157  82 135 116 116 179  88  82 107 151 132 164 255
  0 255 205 101 214  85 142  91 255 183 189 189 183 107 151 205
  0 255 154 164   6  66  66  54 205 120 113 142 205 129 129 255
  0 255 230 176  94 205  54 173 198 126 145 167 154 142 142 179
  0 255 179 135  98  76  31  76 145 129 116 205 142 101 145 142
  0 255 255  91 242 233  76 139 170 116 192 154 142 145 176 142
  0 255 255 142 192 230 255 205 179 142 192 205 179 142 142 205
  0 255 255 255 255 255 255 255 255 255 255 255 255 255 255 255
  0 255 255 255 255 255 255 255 255 255 255 255 255 255 255 255
  0 255 205 142 142 179 154 142 167 205 255 205 179 142 142 205
  0 255 142 176 145 142 104 179 148 189  13 129 142 145 176 142
  0 255 142 145 101 142 205  54 135 101  13 129 142 101 145 142
  0 255 179 142 142 154 167 104 135  63  50 205 154 142 142 179
  0 255 154 129  54 154 116 142 161  76 101 142 167 205 205 205
  0 255 205 189 145 192 230 129 110 151  25 116  85 164 139 192
  0 255 179 208 113 167  91 154 173 157 132 154  98  38  88 167
  0 255 230 157  82 135 116 116 179  88  82 107 151 132 164 255
  0 255 205 101 214  85 142  91 255 183 189 189 183 107 151 205
  0 255 154 164   6  66  66  54 205 120 113 142 205 129 129 255
  0 255 230 176  94 205  54 173 198 126 145 167 154 142 142 179
  0 255 179 135  98  76  31  76 145 129 116 205 142 101 145 142
  0 255 255  91 242 233  76 139 170 116 192 154 142 145 176 142
  0 255 255 142 192 230 255 205 179 142 192 205 179 142 142 205
  0 255 255 255 255 255 255 255 255 255 255 255 255 255 255 255
  0 255 255 255 255 255 255 255 255 255 255 255 255 255 255 255
  0 255 205 142 142 179 154 142 167 205 255 205 179 142 142 205
  0 255 142 176 145 142 104 179 148 189  13 129 142 145 176 142
  0 255 142 145 101 142 205  54 135 101  13 129 142 101 145 142
  0 255 179 142 142 154 167 104 135  63  50 205 154 142 142 179
  0 255 154 129  54 154 116 142 161  76 101 142 167 205 205 205
  0 255 205 189 145 192 230 129 110 151  25 116  85 164 139 192
  0 255 179 208 113 167  91 154 173 157 132 154  98  38  88 167
  0 255 230 157  82 135 116 116 179  88  82 107 151 132 164 255
  0 255 205 101 214  85 142  91 255 183 189 189 183 107 151 205
  0 255 154 164   6  66  66  54 205 120 113 142 205 129 129 255
  0 255 230 176  94 205  54 173 198 126 145 167 154 142 142 179
  0 255 179 135  98  76  31  76 145 129 116 205 142 101 145 142
  0 255 255  91 242 233  76 139 170 116 192 154 142 145 176 142
  0 255 255 142 192 230 255 205 179 142 192 205 179 142 142 205
  0 255 255 255 255 255 255 255 255 255 255 255 255 255 255 255
