255 255 255 255 255 255 255 255 255 255 255 255 255 255 255 255
255 205 142 142 179 205 192 192 192 142 154 179 142 142 205 255
255 142 176 145 142  79  76 145 116 104 192 142 145 176 142 255
255 142 145 101 142 129  94  63  91 116 142 142 101 145 142 255
255 179 142 142 154 205  94 151 151  57 142 154 142 142 179 255
255 154  91 167 167 192  63  94 145 101 179 167 116 192 154 255
255 205  66 123  60 104  76  63 135 129 201 214 164 139 205 255
255 255  47  91  79 110 120  31 123 129 139 101 170  57 179 255
255 255 110 116 113 164 170 139 154 179 126  63 132 107 230 255
255 205 129  72 113 113 201 157 116 142 201 214 113  76 255 255
255 255 129 104 104 116  91 211 164  88 116  28  94 113 242 255
255 179 142 142 154 217 186 142 176 126  91 205  57 101 192 255
255 142 145 101 142 167  72 110  69  76 120 113  69 189 142 255
255 142 176 145 142 142 179 217 145 113 126 132 170 139 192 255
255 205 142 142 179 205 242 142 179 255 142 192 230 205 255 255
255 255 255 255 255 255 255 255 255 255 255 255 255 255 255 255
255 255 255 255 255 255 255 255 255 255 255 255 255 255 255 255
255 205 142 142 179 205 192 192 192 142 154 179 142 142 205 255
255 142 176 145 142  79  76 145 116 104 192 142 145 176 142 255
255 142 145 101 142 129  94  63  91 116 142 142 101 145 142 255
255 179 142 142 154 205  94 151 151  57 142 154 142 142 179 255
255 154  91 167 167 192  63  94 145 101 179 167 116 192 154 255
255 205  66 123  60 104  76  63 135 129 201 214 164 139 205 255
255 255  47  91  79 110 120  31 123 129 139 101 170  57 179 255
255 255 110 116 113 164 170 139 154 179 126  63 132 107 230 255
255 205 129  72 113 113 201 157 116 142 201 214 113  76 255 255
255 255 129 104 104 116  91 211 164  88 116  28  94 113 242 255
255 179 142 142 154 217 186 142 176 126  91 205  57 101 192 255
255 142 145 101 142 167  72 110  69  76 120 113  69 189 142 255
255 142 176 145 142 142 179 217 145 113 126 132 170 139 192 255
255 205 142 142 179 205 242 142 179 255 142 192 230 205 255 255
255 255 255 255 255 255 255 255 255 255 255 255 255 255 255 255
255 255 255 255 255 255 255 255 255 255 255 255 255 255 255 255
255 205 142 142 179 205 192 192 192 142 154 179 142 142 205 255
255 142 176 145 142  79  76 145 116 104 192 142 145 176 142 255
255 142 145 101 142 129  94  63  91 116 142 142 101 145 142 255
255 179 142 142 154 205  94 151 151  57 142 154 142 142 179 255
255 154  91 167 167 192  63  94 145 101 179 167 116 192 154 255
255 205  66 123  60 104  76  63 135 129 201 214 164 139 205 255
255 255  47  91  79 110 120  31 123 129 139 101 170  57 179 255
255 255 110 116 113 164 170 139 154 179 126  63 132 107 230 255
255 205 129  72 113 113 201 157 116 142 201 214 113  76 255 255
255 255 129 104 104 116  91 211 164  88 116  28  94 113 242 255
255 179 142 142 154 217 186 142 176 126  91 205  57 101 192 255
255 142 145 101 142 167  72 110  69  76 120 113  69 189 142 255
255 142 176 145 142 142 179 217 145 113 126 132 170 139 192 255
255 205 142 142 179 205 242 142 179 255 142 192 230 205 255 255
255 255 255 255 255 255 255 255 255 255 255 255 255 255 255 255

  0   0   0   0   0   0   0   0   0   0   0   0   0   0   0   0
255 255 255 255 255 255 255 255 255 255 255 255 255 255 255 255
255 205 142 142 179 154 205 179 230 255 242 192 142 192 255 255
255 142 176 145 142 192 139  57 107  76 113 101 189 139 205 255
255 142 145 101 142 116 164 170 132 113  94  57  69 170 230 255
255 179 142 142 154 167 214 101  63 214  28 205 113 132 192 255
255 154 192 142 142 179 201 139 126 201 116  91 120 126 142 255
255 142 104 116  57 101 129 129 179 142  88 126  76 113 255 255
255 192 116  91 151 145 135 123 154 116 164 176  69 145 179 255
255 192 145  63 151  94  63  31 139 157 211 142 110 217 142 255
255 192  76  94  94  63  76 120 170 201  91 186  72 179 242 255
255 205  79 129 205 192 104 110 164 113 116 217 167 142 205 255
255 179 142 142 154 167  60  79 113 113 104 154 142 142 179 255
255 142 145 101 142 167 123  91 116  72 104 142 101 145 142 255
255 142 176 145 142  91  66  47 110 129 129 142 145 176 142 255
255 205 142 142 179 154 205 255 255 205 255 179 142 142 205 255
  0   0   0   0   0   0   0   0   0   0   0   0   0   0   0   0
255 255 255 255 255 255 255 255 255 255 255 255 255 255 255 255
255 205 142 142 179 154 205 179 230 255 242 192 142 192 255 255
255 142 176 145 142 192 139  57 107  76 113 101 189 139 205 255
255 142 145 101 142 116 164 170 132 113  94  57  69 170 230 255
255 179 142 142 154 167 214 101  63 214  28 205 113 132 192 255
255 154 192 142 142 179 201 139 126 201 116  91 120 126 142 255
255 142 104 116  57 101 129 129 179 142  88 126  76 113 255 255
255 192 116  91 151 145 135 123 154 116 164 176  69 145 179 255
255 192 145  63 151  94  63  31 139 157 211 142 110 217 142 255
255 192  76  94  94  63  76 120 170 201  91 186  72 179 242 255
255 205  79 129 205 192 104 110 164 113 116 217 167 142 205 255
255 179 142 142 154 167  60  79 113 113 104 154 142 142 179 255
255 142 145 101 142 167 123  91 116  72 104 142 101 145 142 255
255 142 176 145 142  91  66  47 110 129 129 142 145 176 142 255
255 205 142 142 179 154 205 255 255 205 255 179 142 142 205 255
  0   0   0   0   0   0   0   0   0   0   0   0   0   0   0   0
255 255 255 255 255 255 255 255 255 255 255 255 255 255 255 255
255 205 142 142 179 154 205 179 230 255 242 192 142 192 255 255
255 142 176 145 142 192 139  57 107  76 113 101 189 139 205 255
255 142 145 101 142 116 164 170 132 113  94  57  69 170 230 255
255 179 142 142 154 167 214 101  63 214  28 205 113 132 192 255
255 154 192 142 142 179 201 139 126 201 116  91 120 126 142 255
255 142 104 116  57 101 129 129 179 142  88 126  76 113 255 255
255 192 116  91 151 145 135 123 154 116 164 176  69 145 179 255
255 192 145  63 151  94  63  31 139 157 211 142 110 217 142 255
255 192  76  94  94  63  76 120 170 201  91 186  72 179 242 255
255 205  79 129 205 192 104 110 164 113 116 217 167 142 205 255
255 179 142 142 154 167  60  79 113 113 104 154 142 142 179 255
255 142 145 101 142 167 123  91 116  72 104 142 101 145 142 255
255 142 176 145 142  91  66  47 110 129 129 142 145 176 142 255
255 205 142 142 179 154 205 255 255 205 255 179 142 142 205 255

  0   0   0   0   0   0   0   0   0   0   0   0   0   0   0   0
  0 255 255 255 255 255 255 255 255 255 255 255 255 255 255 255
  0 255 255 205 230 192 142 255 179 142 242 205 179 142 142 205
  0 255 192 139 170 132 126 113 145 217 179 142 142 145 176 142
  0 255 142 189  69 113 120  76  69 110  72 167 142 101 145 142
  0 255 192 101  57 205  91 126 176 142 186 217 154 142 142 179
  0 255 242 113  94  28 116  88 164 211  91 116 104 104 129 255
  0 255 255  76 113 214 201 142 116 157 201 113 113  72 129 205
  0 255 230 107 132  63 126 179 154 139 170 164 113 116 110 255
  0 255 179  57 170 101 139 129 123  31 120 110  79  91  47 255
  0 255 205 139 164 214 201 129 135  63  76 104  60 123  66 205
  0 255 154 192 116 167 179 101 145  94  63 192 167 167  91 154
  0 255 179 142 142 154 142  57 151 151  94 205 154 142 142 179
  0 255 142 145 101 142 142 116  91  63  94 129 142 101 145 142
  0 255 142 176 145 142 192 104 116 145  76  79 142 145 176 142
  0 255 205 142 142 179 154 142 192 192 192 205 179 142 142 205
  0   0   0   0   0   0   0   0   0   0   0   0   0   0   0   0
  0 255 255 255 255 255 255 255 255 255 255 255 255 255 255 255
  0 255 255 205 230 192 142 255 179 142 242 205 179 142 142 205
  0 255 192 139 170 132 126 113 145 217 179 142 142 145 176 142
  0 255 142 189  69 113 120  76  69 110  72 167 142 101 145 142
  0 255 192 101  57 205  91 126 176 142 186 217 154 142 142 179
  0 255 242 113  94  28 116  88 164 211  91 116 104 104 129 255
  0 255 255  76 113 214 201 142 116 157 201 113 113  72 129 205
  0 255 230 107 132  63 126 179 154 139 170 164 113 116 110 255
  0 255 179  57 170 101 139 129 123  31 120 110  79  91  47 255
  0 255 205 139 164 214 201 129 135  63  76 104  60 123  66 205
  0 255 154 192 116 167 179 101 145  94  63 192 167 167  91 154
  0 255 179 142 142 154 142  57 151 151  94 205 154 142 142 179
  0 255 142 145 101 142 142 116  91  63  94 129 142 101 145 142
  0 255 142 176 145 142 192 104 116 145  76  79 142 145 176 142
  0 255 205 142 142 179 154 142 192 192 192 205 179 142 142 205
  0   0   0   0   0   0   0   0   0   0   0   0   0   0   0   0
  0 255 255 255 255 255 255 255 255 255 255 255 255 255 255 255
  0 255 255 205 230 192 142 255 179 142 242 205 179 142 142 205
  0 255 192 139 170 132 126 113 145 217 179 142 142 145 176 142
  0 255 142 189  69 113 120  76  69 110  72 167 142 101 145 142
  0 255 192 101  57 205  91 126 176 142 186 217 154 142 142 179
  0 255 242 113  94  28 116  88 164 211  91 116 104 104 129 255
  0 255 255  76 113 214 201 142 116 157 201 113 113  72 129 205
  0 255 230 107 132  63 126 179 154 139 170 164 113 116 110 255
  0 255 179  57 170 101 139 129 123  31 120 110  79  91  47 255
  0 255 205 139 164 214 201 129 135  63  76 104  60 123  66 205
  0 255 154 192 116 167 179 101 145  94  63 192 167 167  91 154
  0 255 179 142 142 154 142  57 151 151  94 205 154 142 142 179
  0 255 142 145 101 142 142 116  91  63  94 129 142 101 145 142
  0 255 142 176 145 142 192 104 116 145  76  79 142 145 176 142
  0 255 205 142 142 179 154 142 192 192 192 205 179 142 142 205

  0 255 255 255 255 255 255 255 255 255 255 255 255 255 255 255
  0 255 205 142 142 179 255 205 255 255 205 154 179 142 142 205
  0 255 142 176 145 142 129 129 110  47  66  91 142 145 176 142
  0 255 142 145 101 142 104  72 116  91 123 167 142 101 145 142
  0 255 179 142 142 154 104 113 113  79  60 167 154 142 142 179
  0 255 205 142 167 217 116 113 164 110 104 192 205 129  79 205
  0 255 242 179  72 186  91 201 170 120  76  63  94  94  76 192
  0 255 142 217 110 142 211 157 139  31  63  94 151  63 145 192
  0 255 179 145  69 176 164 116 154 123 135 145 151  91 116 192
  0 255 255 113  76 126  88 142 179 129 129 101  57 116 104 142
  0 255 142 126 120  91 116 201 126 139 201 179 142 142 192 154
  0 255 192 132 113 205  28 214  63 101 214 167 154 142 142 179
  0 255 230 170  69  57  94 113 132 170 164 116 142 101 145 142
  0 255 205 139 189 101 113  76 107  57 139 192 142 145 176 142
  0 255 255 192 142 192 242 255 230 179 205 154 179 142 142 205
  0 255 255 255 255 255 255 255 255 255 255 255 255 255 255 255
  0 255 255 255 255 255 255 255 255 255 255 255 255 255 255 255
  0 255 205 142 142 179 255 205 255 255 205 154 179 142 142 205
  0 255 142 176 145 142 129 129 110  47  66  91 142 145 176 142
  0 255 142 145 101 142 104  72 116  91 123 167 142 101 145 142
  0 255 179 142 142 154 104 113 113  79  60 167 154 142 142 179
  0 255 205 142 167 217 116 113 164 110 104 192 205 129  79 205
  0 255 242 179  72 186  91 201 170 120  76  63  94  94  76 192
  0 255 142 217 110 142 211 157 139  31  63  94 151  63 145 192
  0 255 179 145  69 176 164 116 154 123 135 145 151  91 116 192
  0 255 255 113  76 126  88 142 179 129 129 101  57 116 104 142
  0 255 142 126 120  91 116 201 126 139 201 179 142 142 192 154
  0 255 192 132 113 205  28 214  63 101 214 167 154 142 142 179
  0 255 230 170  69  57  94 113 132 170 164 116 142 101 145 142
  0 255 205 139 189 101 113  76 107  57 139 192 142 145 176 142
  0 255 255 192 142 192 242 255 230 179 205 154 179 142 142 205
  0 255 255 255 255 255 255 255 255 255 255 255 255 255 255 255
  0 255 255 255 255 255 255 255 255 255 255 255 255 255 255 255
  0 255 205 142 142 179 255 205 255 255 205 154 179 142 142 205
  0 255 142 176 145 142 129 129 110  47  66  91 142 145 176 142
  0 255 142 145 101 142 104  72 116  91 123 167 142 101 145 142
  0 255 179 142 142 154 104 113 113  79  60 167 154 142 142 179
  0 255 205 142 167 217 116 113 164 110 104 192 205 129  79 205
  0 255 242 179  72 186  91 201 170 120  76  63  94  94  76 192
  0 255 142 217 110 142 211 157 139  31  63  94 151  63 145 192
  0 255 179 145  69 176 164 116 154 123 135 145 151  91 116 192
  0 255 255 113  76 126  88 142 179 129 129 101  57 116 104 142
  0 255 142 126 120  91 116 201 126 139 201 179 142 142 192 154
  0 255 192 132 113 205  28 214  63 101 214 167 154 142 142 179
  0 255 230 170  69  57  94 113 132 170 164 116 142 101 145 142
  0 255 205 139 189 101 113  76 107  57 139 192 142 145 176 142
  0 255 255 192 142 192 242 255 230 179 205 154 179 142 142 205
  0 255 255 255 255 255 255 255 255 255 255 255 255 255 255 255
