255 255 255 255 255 255 255 255 255 255 255 255 255 255 255 255
255 205 142 142 179 154 154 205 255 205 255 179 142 142 205 255
255 142 176 145 142 205 116  98 164 151 129 142 145 176 142 255
255 142 145 101 142 230  41  47 132 107 129 142 101 145 142 255
255 179 142 142 154 104 157  88 151 183 205 154 142 142 179 255
255 154 142 167 167 116 189 145 107 189 142 167 205 154 205 255
255 142 139 132 167 142 230 142  82 189 113 145 116 192 192 255
255 217 183 164 192  91 154 167  88 183 120 126 129 116 142 255
255 167 145  88 167  91 107 126 179 255 205 198 145 170 179 255
255 142  76 107  66 167 164 145 116  91  54 173  76 139 205 255
255 154  54 154 167  79  25 120 116 142  66  54  31  76 255 255
255 179 142 142 154 217  88 120 135  85  66 205  76 208 230 255
255 142 145 101 142 167  13 132  82 214   6  94  98 217 192 255
255 142 176 145 142 142 151 107 183 101 164 176 135  91 142 255
255 205 142 142 179 205 205 179 230 205 154 230 179 255 255 255
255 255 255 255 255 255 255 255 255 255 255 255 255 255 255 255
255 255 255 255 255 255 255 255 255 255 255 255 255 255 255 255
255 205 142 142 179 154 154 205 255 205 255 179 142 142 205 255
255 142 176 145 142 205 116  98 164 151 129 142 145 176 142 255
255 142 145 101 142 230  41  47 132 107 129 142 101 145 142 255
255 179 142 142 154 104 157  88 151 183 205 154 142 142 179 255
255 154 142 167 167 116 189 145 107 189 142 167 205 154 205 255
255 142 139 132 167 142 230 142  82 189 113 145 116 192 192 255
255 217 183 164 192  91 154 167  88 183 120 126 129 116 142 255
255 167 145  88 167  91 107 126 179 255 205 198 145 170 179 255
255 142  76 107  66 167 164 145 116  91  54 173  76 139 205 255
255 154  54 154 167  79  25 120 116 142  66  54  31  76 255 255
255 179 142 142 154 217  88 120 135  85  66 205  76 208 230 255
255 142 145 101 142 167  13 132  82 214   6  94  98 217 192 255
255 142 176 145 142 142 151 107 183 101 164 176 135  91 142 255
255 205 142 142 179 205 205 179 230 205 154 230 179 255 255 255
255 255 255 255 255 255 255 255 255 255 255 255 255 255 255 255
255 255 255 255 255 255 255 255 255 255 255 255 255 255 255 255
255 205 142 142 179 154 154 205 255 205 255 179 142 142 205 255
255 142 176 145 142 205 116  98 164 151 129 142 145 176 142 255
255 142 145 101 142 230  41  47 132 107 129 142 101 145 142 255
255 179 142 142 154 104 157  88 151 183 205 154 142 142 179 255
255 154 142 167 167 116 189 145 107 189 142 167 205 154 205 255
255 142 139 132 167 142 230 142  82 189 113 145 116 192 192 255
255 217 183 164 192  91 154 167  88 183 120 126 129 116 142 255
255 167 145  88 167  91 107 126 179 255 205 198 145 170 179 255
255 142  76 107  66 167 164 145 116  91  54 173  76 139 205 255
255 154  54 154 167  79  25 120 116 142  66  54  31  76 255 255
255 179 142 142 154 217  88 120 135  85  66 205  76 208 230 255
255 142 145 101 142 167  13 132  82 214   6  94  98 217 192 255
255 142 176 145 142 142 151 107 183 101 164 176 135  91 142 255
255 205 142 142 179 205 205 179 230 205 154 230 179 255 255 255
255 255 255 255 255 255 255 255 255 255 255 255 255 255 255 255

  0   0   0   0   0   0   0   0   0   0   0   0   0   0   0   0
255 255 255 255 255 255 255 255 255 255 255 255 255 255 255 255
255 205 142 142 179 205 192 142 179 205 255 230 192 142 255 255
255 142 176 145 142 154 192 116 170 139  76 208 217  91 255 255
255 142 145 101 142 205 116 129 145  76  31  76  98 135 179 255
255 179 142 142 154 167 145 126 198 173  54 205  94 176 230 255
255 255 129 129 205 142 113 120 205  54  66  66   6 164 154 255
255 205 151 107 183 189 189 183 255  91 142  85 214 101 205 255
255 255 164 132 151 107  82  88 179 116 116 135  82 183 230 255
255 205  98  47  88 145 142 167 126 145 120 120 132 107 179 255
255 154 116  41 157 189 230 154 107 164  25  88  13 151 205 255
255 154 205 230 104 116 142  91  91 167  79 217 167 142 205 255
255 179 142 142 154 167 167 192 167  66 167 154 142 142 179 255
255 142 145 101 142 167 132 164  88 107 154 142 101 145 142 255
255 142 176 145 142 142 139 183 145  76  54 142 145 176 142 255
255 205 142 142 179 154 142 217 167 142 154 179 142 142 205 255
  0   0   0   0   0   0   0   0   0   0   0   0   0   0   0   0
255 255 255 255 255 255 255 255 255 255 255 255 255 255 255 255
255 205 142 142 179 205 192 142 179 205 255 230 192 142 255 255
255 142 176 145 142 154 192 116 170 139  76 208 217  91 255 255
255 142 145 101 142 205 116 129 145  76  31  76  98 135 179 255
255 179 142 142 154 167 145 126 198 173  54 205  94 176 230 255
255 255 129 129 205 142 113 120 205  54  66  66   6 164 154 255
255 205 151 107 183 189 189 183 255  91 142  85 214 101 205 255
255 255 164 132 151 107  82  88 179 116 116 135  82 183 230 255
255 205  98  47  88 145 142 167 126 145 120 120 132 107 179 255
255 154 116  41 157 189 230 154 107 164  25  88  13 151 205 255
255 154 205 230 104 116 142  91  91 167  79 217 167 142 205 255
255 179 142 142 154 167 167 192 167  66 167 154 142 142 179 255
255 142 145 101 142 167 132 164  88 107 154 142 101 145 142 255
255 142 176 145 142 142 139 183 145  76  54 142 145 176 142 255
255 205 142 142 179 154 142 217 167 142 154 179 142 142 205 255
  0   0   0   0   0   0   0   0   0   0   0   0   0   0   0   0
255 255 255 255 255 255 255 255 255 255 255 255 255 255 255 255
255 205 142 142 179 205 192 142 179 205 255 230 192 142 255 255
255 142 176 145 142 154 192 116 170 139  76 208 217  91 255 255
255 142 145 101 142 205 116 129 145  76  31  76  98 135 179 255
255 179 142 142 154 167 145 126 198 173  54 205  94 176 230 255
255 255 129 129 205 142 113 120 205  54  66  66   6 164 154 255
255 205 151 107 183 189 189 183 255  91 142  85 214 101 205 255
255 255 164 132 151 107  82  88 179 116 116 135  82 183 230 255
255 205  98  47  88 145 142 167 126 145 120 120 132 107 179 255
255 154 116  41 157 189 230 154 107 164  25  88  13 151 205 255
255 154 205 230 104 116 142  91  91 167  79 217 167 142 205 255
255 179 142 142 154 167 167 192 167  66 167 154 142 142 179 255
255 142 145 101 142 167 132 164  88 107 154 142 101 145 142 255
255 142 176 145 142 142 139 183 145  76  54 142 145 176 142 255
255 205 142 142 179 154 142 217 167 142 154 179 142 142 205 255

  0   0   0   0   0   0   0   0   0   0   0   0   0   0   0   0
  0 255 255 255 255 255 255 255 255 255 255 255 255 255 255 255
  0 255 255 255 179 230 154 205 230 179 205 205 179 142 142 205
  0 255 142  91 135 176 164 101 183 107 151 142 142 145 176 142
  0 255 192 217  98  94   6 214  82 132  13 167 142 101 145 142
  0 255 230 208  76 205  66  85 135 120  88 217 154 142 142 179
  0 255 255  76  31  54  66 142 116 120  25  79 167 154  54 154
  0 255 205 139  76 173  54  91 116 145 164 167  66 107  76 142
  0 255 179 170 145 198 205 255 179 126 107  91 167  88 145 167
  0 255 142 116 129 126 120 183  88 167 154  91 192 164 183 217
  0 255 192 192 116 145 113 189  82 142 230 142 167 132 139 142
  0 255 205 154 205 167 142 189 107 145 189 116 167 167 142 154
  0 255 179 142 142 154 205 183 151  88 157 104 154 142 142 179
  0 255 142 145 101 142 129 107 132  47  41 230 142 101 145 142
  0 255 142 176 145 142 129 151 164  98 116 205 142 145 176 142
  0 255 205 142 142 179 255 205 255 205 154 154 179 142 142 205
  0   0   0   0   0   0   0   0   0   0   0   0   0   0   0   0
  0 255 255 255 255 255 255 255 255 255 255 255 255 255 255 255
  0 255 255 255 179 230 154 205 230 179 205 205 179 142 142 205
  0 255 142  91 135 176 164 101 183 107 151 142 142 145 176 142
  0 255 192 217  98  94   6 214  82 132  13 167 142 101 145 142
  0 255 230 208  76 205  66  85 135 120  88 217 154 142 142 179
  0 255 255  76  31  54  66 142 116 120  25  79 167 154  54 154
  0 255 205 139  76 173  54  91 116 145 164 167  66 107  76 142
  0 255 179 170 145 198 205 255 179 126 107  91 167  88 145 167
  0 255 142 116 129 126 120 183  88 167 154  91 192 164 183 217
  0 255 192 192 116 145 113 189  82 142 230 142 167 132 139 142
  0 255 205 154 205 167 142 189 107 145 189 116 167 167 142 154
  0 255 179 142 142 154 205 183 151  88 157 104 154 142 142 179
  0 255 142 145 101 142 129 107 132  47  41 230 142 101 145 142
  0 255 142 176 145 142 129 151 164  98 116 205 142 145 176 142
  0 255 205 142 142 179 255 205 255 205 154 154 179 142 142 205
  0   0   0   0   0   0   0   0   0   0   0   0   0   0   0   0
  0 255 255 255 255 255 255 255 255 255 255 255 255 255 255 255
  0 255 255 255 179 230 154 205 230 179 205 205 179 142 142 205
  0 255 142  91 135 176 164 101 183 107 151 142 142 145 176 142
  0 255 192 217  98  94   6 214  82 132  13 167 142 101 145 142
  0 255 230 208  76 205  66  85 135 120  88 217 154 142 142 179
  0 255 255  76  31  54  66 142 116 120  25  79 167 154  54 154
  0 255 205 139  76 173  54  91 116 145 164 167  66 107  76 142
  0 255 179 170 145 198 205 255 179 126 107  91 167  88 145 167
  0 255 142 116 129 126 120 183  88 167 154  91 192 164 183 217
  0 255 192 192 116 145 113 189  82 142 230 142 167 132 139 142
  0 255 205 154 205 167 142 189 107 145 189 116 167 167 142 154
  0 255 179 142 142 154 205 183 151  88 157 104 154 142 142 179
  0 255 142 145 101 142 129 107 132  47  41 230 142 101 145 142
  0 255 142 176 145 142 129 151 164  98 116 205 142 145 176 142
  0 255 205 142 142 179 255 205 255 205 154 154 179 142 142 205

  0 255 255 255 255 255 255 255 255 255 255 255 255 255 255 255
  0 255 205 142 142 179 154 142 167 217 142 154 179 142 142 205
  0 255 142 176 145 142  54  76 145 183 139 142 142 145 176 142
  0 255 142 145 101 142 154 107  88 164 132 167 142 101 145 142
  0 255 179 142 142 154 167  66 167 192 167 167 154 142 142 179
  0 255 205 142 167 217  79 167  91  91 142 116 104 230 205 154
  0 255 205 151  13  88  25 164 107 154 230 189 157  41 116 154
  0 255 179 107 132 120 120 145 126 167 142 145  88  47  98 205
  0 255 230 183  82 135 116 116 179  88  82 107 151 132 164 255
  0 255 205 101 214  85 142  91 255 183 189 189 183 107 151 205
  0 255 154 164   6  66  66  54 205 120 113 142 205 129 129 255
  0 255 230 176  94 205  54 173 198 126 145 167 154 142 142 179
  0 255 179 135  98  76  31  76 145 129 116 205 142 101 145 142
  0 255 255  91 217 208  76 139 170 116 192 154 142 145 176 142
  0 255 255 142 192 230 255 205 179 142 192 205 179 142 142 205
  0 255 255 255 255 255 255 255 255 255 255 255 255 255 255 255
  0 255 255 255 255 255 255 255 255 255 255 255 255 255 255 255
  0 255 205 142 142 179 154 142 167 217 142 154 179 142 142 205
  0 255 142 176 145 142  54  76 145 183 139 142 142 145 176 142
  0 255 142 145 101 142 154 107  88 164 132 167 142 101 145 142
  0 255 179 142 142 154 167  66 167 192 167 167 154 142 142 179
  0 255 205 142 167 217  79 167  91  91 142 116 104 230 205 154
  0 255 205 151  13  88  25 164 107 154 230 189 157  41 116 154
  0 255 179 107 132 120 120 145 126 167 142 145  88  47  98 205
  0 255 230 183  82 135 116 116 179  88  82 107 151 132 164 255
  0 255 205 101 214  85 142  91 255 183 189 189 183 107 151 205
  0 255 154 164   6  66  66  54 205 120 113 142 205 129 129 255
  0 255 230 176  94 205  54 173 198 126 145 167 154 142 142 179
  0 255 179 135  98  76  31  76 145 129 116 205 142 101 145 142
  0 255 255  91 217 208  76 139 170 116 192 154 142 145 176 142
  0 255 255 142 192 230 255 205 179 142 192 205 179 142 142 205
  0 255 255 255 255 255 255 255 255 255 255 255 255 255 255 255
  0 255 255 255 255 255 255 255 255 255 255 255 255 255 255 255
  0 255 205 142 142 179 154 142 167 217 142 154 179 142 142 205
  0 255 142 176 145 142  54  76 145 183 139 142 142 145 176 142
  0 255 142 145 101 142 154 107  88 164 132 167 142 101 145 142
  0 255 179 142 142 154 167  66 167 192 167 167 154 142 142 179
  0 255 205 142 167 217  79 167  91  91 142 116 104 230 205 154
  0 255 205 151  13  88  25 164 107 154 230 189 157  41 116 154
  0 255 179 107 132 120 120 145 126 167 142 145  88  47  98 205
  0 255 230 183  82 135 116 116 179  88  82 107 151 132 164 255
  0 255 205 101 214  85 142  91 255 183 189 189 183 107 151 205
  0 255 154 164   6  66  66  54 205 120 113 142 205 129 129 255
  0 255 230 176  94 205  54 173 198 126 145 167 154 142 142 179
  0 255 179 135  98  76  31  76 145 129 116 205 142 101 145 142
  0 255 255  91 217 208  76 139 170 116 192 154 142 145 176 142
  0 255 255 142 192 230 255 205 179 142 192 205 179 142 142 205
  0 255 255 255 255 255 255 255 255 255 255 255 255 255 255 255
