255 255 255 255 255 255 255 255 255 255 255 255 255 255 255 255
255 205 142 142 179 255 192 192 192 142 154 179 142 142 205 255
255 142 176 145 142 179 176 170 129 167 192 142 145 176 142 255
255 142 145 101 142  79 176  82 123  35 116 142 101 145 142 255
255 179 142 142 154 116  85 116  50 151 129 154 142 142 179 255
255 205  28  79 129 116 116  85 113 189 116 142 142 192 205 255
255 142 189 126 110 154 176  88 148 192 176 113 151 176 255 255
255 217 145  19 116  47 176 101 154 148 107  82 101 176 205 255
255 205  44  88  98 173  47 154 129 198 129 104 145 126 255 255
255 154 176  94 154 129 116 173 135  79 129 142 120 139 205 255
255 154 192 142 179 142 217 110 151 126 129  91 107  76 192 255
255 179 142 142 154 116  54 123  94 157  66 205  76  82 217 255
255 142 145 101 142 167  82 107  82 183 142 123 107  94 167 255
255 142 176 145 142  41 126  88  38  76  79  47  88  50 242 255
255 205 142 142 179 154 205 205 255 154 205 255 205 205 255 255
255 255 255 255 255 255 255 255 255 255 255 255 255 255 255 255
255 255 255 255 255 255 255 255 255 255 255 255 255 255 255 255
255 205 142 142 179 255 192 192 192 142 154 179 142 142 205 255
255 142 176 145 142 179 176 170 129 167 192 142 145 176 142 255
255 142 145 101 142  79 176  82 123  35 116 142 101 145 142 255
255 179 142 142 154 116  85 116  50 151 129 154 142 142 179 255
255 205  28  79 129 116 116  85 113 189 116 142 142 192 205 255
255 142 189 126 110 154 176  88 148 192 176 113 151 176 255 255
255 217 145  19 116  47 176 101 154 148 107  82 101 176 205 255
255 205  44  88  98 173  47 154 129 198 129 104 145 126 255 255
255 154 176  94 154 129 116 173 135  79 129 142 120 139 205 255
255 154 192 142 179 142 217 110 151 126 129  91 107  76 192 255
255 179 142 142 154 116  54 123  94 157  66 205  76  82 217 255
255 142 145 101 142 167  82 107  82 183 142 123 107  94 167 255
255 142 176 145 142  41 126  88  38  76  79  47  88  50 242 255
255 205 142 142 179 154 205 205 255 154 205 255 205 205 255 255
255 255 255 255 255 255 255 255 255 255 255 255 255 255 255 255
255 255 255 255 255 255 255 255 255 255 255 255 255 255 255 255
255 205 142 142 179 255 192 192 192 142 154 179 142 142 205 255
255 142 176 145 142 179 176 170 129 167 192 142 145 176 142 255
255 142 145 101 142  79 176  82 123  35 116 142 101 145 142 255
255 179 142 142 154 116  85 116  50 151 129 154 142 142 179 255
255 205  28  79 129 116 116  85 113 189 116 142 142 192 205 255
255 142 189 126 110 154 176  88 148 192 176 113 151 176 255 255
255 217 145  19 116  47 176 101 154 148 107  82 101 176 205 255
255 205  44  88  98 173  47 154 129 198 129 104 145 126 255 255
255 154 176  94 154 129 116 173 135  79 129 142 120 139 205 255
255 154 192 142 179 142 217 110 151 126 129  91 107  76 192 255
255 179 142 142 154 116  54 123  94 157  66 205  76  82 217 255
255 142 145 101 142 167  82 107  82 183 142 123 107  94 167 255
255 142 176 145 142  41 126  88  38  76  79  47  88  50 242 255
255 205 142 142 179 154 205 205 255 154 205 255 205 205 255 255
255 255 255 255 255 255 255 255 255 255 255 255 255 255 255 255

  0   0   0   0   0   0   0   0   0   0   0   0   0   0   0   0
255 255 255 255 255 255 255 255 255 255 255 255 255 255 255 255
255 205 142 142 179 205 255 205 255 205 192 217 167 242 255 255
255 142 176 145 142 192 176 176 126 139  76  82  94  50 205 255
255 142 145 101 142 142 151 101 145 120 107  76 107  88 205 255
255 179 142 142 154 142 113  82 104 142  91 205 123  47 255 255
255 154 192 116 129 116 176 107 129 129 129  66 142  79 205 255
255 142 167  35 151 189 192 148 198  79 126 157 183  76 154 255
255 192 129 123  50 113 148 154 129 135 151  94  82  38 255 255
255 192 170  82 116  85  88 101 154 173 110 123 107  88 205 255
255 192 176 176  85 116 176 176  47 116 217  54  82 126 205 255
255 255 179  79 116 116 154  47 173 129 142 116 167  41 154 255
255 179 142 142 154 129 110 116  98 154 179 154 142 142 179 255
255 142 145 101 142  79 126  19  88  94 142 142 101 145 142 255
255 142 176 145 142  28 189 145  44 176 192 142 145 176 142 255
255 205 142 142 179 205 142 217 205 154 154 179 142 142 205 255
  0   0   0   0   0   0   0   0   0   0   0   0   0   0   0   0
255 255 255 255 255 255 255 255 255 255 255 255 255 255 255 255
255 205 142 142 179 205 255 205 255 205 192 217 167 242 255 255
255 142 176 145 142 192 176 176 126 139  76  82  94  50 205 255
255 142 145 101 142 142 151 101 145 120 107  76 107  88 205 255
255 179 142 142 154 142 113  82 104 142  91 205 123  47 255 255
255 154 192 116 129 116 176 107 129 129 129  66 142  79 205 255
255 142 167  35 151 189 192 148 198  79 126 157 183  76 154 255
255 192 129 123  50 113 148 154 129 135 151  94  82  38 255 255
255 192 170  82 116  85  88 101 154 173 110 123 107  88 205 255
255 192 176 176  85 116 176 176  47 116 217  54  82 126 205 255
255 255 179  79 116 116 154  47 173 129 142 116 167  41 154 255
255 179 142 142 154 129 110 116  98 154 179 154 142 142 179 255
255 142 145 101 142  79 126  19  88  94 142 142 101 145 142 255
255 142 176 145 142  28 189 145  44 176 192 142 145 176 142 255
255 205 142 142 179 205 142 217 205 154 154 179 142 142 205 255
  0   0   0   0   0   0   0   0   0   0   0   0   0   0   0   0
255 255 255 255 255 255 255 255 255 255 255 255 255 255 255 255
255 205 142 142 179 205 255 205 255 205 192 217 167 242 255 255
255 142 176 145 142 192 176 176 126 139  76  82  94  50 205 255
255 142 145 101 142 142 151 101 145 120 107  76 107  88 205 255
255 179 142 142 154 142 113  82 104 142  91 205 123  47 255 255
255 154 192 116 129 116 176 107 129 129 129  66 142  79 205 255
255 142 167  35 151 189 192 148 198  79 126 157 183  76 154 255
255 192 129 123  50 113 148 154 129 135 151  94  82  38 255 255
255 192 170  82 116  85  88 101 154 173 110 123 107  88 205 255
255 192 176 176  85 116 176 176  47 116 217  54  82 126 205 255
255 255 179  79 116 116 154  47 173 129 142 116 167  41 154 255
255 179 142 142 154 129 110 116  98 154 179 154 142 142 179 255
255 142 145 101 142  79 126  19  88  94 142 142 101 145 142 255
255 142 176 145 142  28 189 145  44 176 192 142 145 176 142 255
255 205 142 142 179 205 142 217 205 154 154 179 142 142 205 255

  0   0   0   0   0   0   0   0   0   0   0   0   0   0   0   0
  0 255 255 255 255 255 255 255 255 255 255 255 255 255 255 255
  0 255 255 205 205 255 205 154 255 205 205 154 179 142 142 205
  0 255 242  50  88  47  79  76  38  88 126  41 142 145 176 142
  0 255 167  94 107 123 142 183  82 107  82 167 142 101 145 142
  0 255 217  82  76 205  66 157  94 123  54 116 154 142 142 179
  0 255 192  76 107  91 129 126 151 110 217 142 179 142 192 154
  0 255 205 139 120 142 129  79 135 173 116 129 154  94 176 154
  0 255 255 126 145 104 129 198 129 154  47 173  98  88  44 205
  0 255 205 176 101  82 107 148 154 101 176  47 116  19 145 217
  0 255 255 176 151 113 176 192 148  88 176 154 110 126 189 142
  0 255 205 192 142 142 116 189 113  85 116 116 129  79  28 205
  0 255 179 142 142 154 129 151  50 116  85 116 154 142 142 179
  0 255 142 145 101 142 116  35 123  82 176  79 142 101 145 142
  0 255 142 176 145 142 192 167 129 170 176 179 142 145 176 142
  0 255 205 142 142 179 154 142 192 192 192 255 179 142 142 205
  0   0   0   0   0   0   0   0   0   0   0   0   0   0   0   0
  0 255 255 255 255 255 255 255 255 255 255 255 255 255 255 255
  0 255 255 205 205 255 205 154 255 205 205 154 179 142 142 205
  0 255 242  50  88  47  79  76  38  88 126  41 142 145 176 142
  0 255 167  94 107 123 142 183  82 107  82 167 142 101 145 142
  0 255 217  82  76 205  66 157  94 123  54 116 154 142 142 179
  0 255 192  76 107  91 129 126 151 110 217 142 179 142 192 154
  0 255 205 139 120 142 129  79 135 173 116 129 154  94 176 154
  0 255 255 126 145 104 129 198 129 154  47 173  98  88  44 205
  0 255 205 176 101  82 107 148 154 101 176  47 116  19 145 217
  0 255 255 176 151 113 176 192 148  88 176 154 110 126 189 142
  0 255 205 192 142 142 116 189 113  85 116 116 129  79  28 205
  0 255 179 142 142 154 129 151  50 116  85 116 154 142 142 179
  0 255 142 145 101 142 116  35 123  82 176  79 142 101 145 142
  0 255 142 176 145 142 192 167 129 170 176 179 142 145 176 142
  0 255 205 142 142 179 154 142 192 192 192 255 179 142 142 205
  0   0   0   0   0   0   0   0   0   0   0   0   0   0   0   0
  0 255 255 255 255 255 255 255 255 255 255 255 255 255 255 255
  0 255 255 205 205 255 205 154 255 205 205 154 179 142 142 205
  0 255 242  50  88  47  79  76  38  88 126  41 142 145 176 142
  0 255 167  94 107 123 142 183  82 107  82 167 142 101 145 142
  0 255 217  82  76 205  66 157  94 123  54 116 154 142 142 179
  0 255 192  76 107  91 129 126 151 110 217 142 179 142 192 154
  0 255 205 139 120 142 129  79 135 173 116 129 154  94 176 154
  0 255 255 126 145 104 129 198 129 154  47 173  98  88  44 205
  0 255 205 176 101  82 107 148 154 101 176  47 116  19 145 217
  0 255 255 176 151 113 176 192 148  88 176 154 110 126 189 142
  0 255 205 192 142 142 116 189 113  85 116 116 129  79  28 205
  0 255 179 142 142 154 129 151  50 116  85 116 154 142 142 179
  0 255 142 145 101 142 116  35 123  82 176  79 142 101 145 142
  0 255 142 176 145 142 192 167 129 170 176 179 142 145 176 142
  0 255 205 142 142 179 154 142 192 192 192 255 179 142 142 205

  0 255 255 255 255 255 255 255 255 255 255 255 255 255 255 255
  0 255 205 142 142 179 154 154 205 217 142 205 179 142 142 205
  0 255 142 176 145 142 192 176  44 145 189  28 142 145 176 142
  0 255 142 145 101 142 142  94  88  19 126  79 142 101 145 142
  0 255 179 142 142 154 179 154  98 116 110 129 154 142 142 179
  0 255 154  41 167 116 142 129 173  47 154 116 116  79 179 255
  0 255 205 126  82  54 217 116  47 176 176 116  85 176 176 192
  0 255 205  88 107 123 110 173 154 101  88  85 116  82 170 192
  0 255 255  38  82  94 151 135 129 154 148 113  50 123 129 192
  0 255 154  76 183 157 126  79 198 148 192 189 151  35 167 142
  0 255 205  79 142  66 129 129 129 107 176 116 129 116 192 154
  0 255 255  47 123 205  91 142 104  82 113 142 154 142 142 179
  0 255 205  88 107  76 107 120 145 101 151 142 142 101 145 142
  0 255 205  50  94  82  76 139 126 176 176 192 142 145 176 142
  0 255 255 242 167 217 192 205 255 205 255 205 179 142 142 205
  0 255 255 255 255 255 255 255 255 255 255 255 255 255 255 255
  0 255 255 255 255 255 255 255 255 255 255 255 255 255 255 255
  0 255 205 142 142 179 154 154 205 217 142 205 179 142 142 205
  0 255 142 176 145 142 192 176  44 145 189  28 142 145 176 142
  0 255 142 145 101 142 142  94  88  19 126  79 142 101 145 142
  0 255 179 142 142 154 179 154  98 116 110 129 154 142 142 179
  0 255 154  41 167 116 142 129 173  47 154 116 116  79 179 255
  0 255 205 126  82  54 217 116  47 176 176 116  85 176 176 192
  0 255 205  88 107 123 110 173 154 101  88  85 116  82 170 192
  0 255 255  38  82  94 151 135 129 154 148 113  50 123 129 192
  0 255 154  76 183 157 126  79 198 148 192 189 151  35 167 142
  0 255 205  79 142  66 129 129 129 107 176 116 129 116 192 154
  0 255 255  47 123 205  91 142 104  82 113 142 154 142 142 179
  0 255 205  88 107  76 107 120 145 101 151 142 142 101 145 142
  0 255 205  50  94  82  76 139 126 176 176 192 142 145 176 142
  0 255 255 242 167 217 192 205 255 205 255 205 179 142 142 205
  0 255 255 255 255 255 255 255 255 255 255 255 255 255 255 255
  0 255 255 255 255 255 255 255 255 255 255 255 255 255 255 255
  0 255 205 142 142 179 154 154 205 217 142 205 179 142 142 205
  0 255 142 176 145 142 192 176  44 145 189  28 142 145 176 142
  0 255 142 145 101 142 142  94  88  19 126  79 142 101 145 142
  0 255 179 142 142 154 179 154  98 116 110 129 154 142 142 179
  0 255 154  41 167 116 142 129 173  47 154 116 116  79 179 255
  0 255 205 126  82  54 217 116  47 176 176 116  85 176 176 192
  0 255 205  88 107 123 110 173 154 101  88  85 116  82 170 192
  0 255 255  38  82  94 151 135 129 154 148 113  50 123 129 192
  0 255 154  76 183 157 126  79 198 148 192 189 151  35 167 142
  0 255 205  79 142  66 129 129 129 107 176 116 129 116 192 154
  0 255 255  47 123 205  91 142 104  82 113 142 154 142 142 179
  0 255 205  88 107  76 107 120 145 101 151 142 142 101 145 142
  0 255 205  50  94  82  76 139 126 176 176 192 142 145 176 142
  0 255 255 242 167 217 192 205 255 205 255 205 179 142 142 205
  0 255 255 255 255 255 255 255 255 255 255 255 255 255 255 255
