255 255 255 255 255 255 255 255 255 255 255 255 255 255 255 255
255 205 142 142 179 205 205 230 192 142 154 179 142 142 205 255
255 142 176 145 142 192  13 107 116 104 192 142 145 176 142 255
255 142 145 101 142 142 170  63  91 116 142 142 101 145 142 255
255 179 142 142 154 179 157 151 151  57 142 154 142 142 179 255
255 154  79 129 205 154  88 132 145 101 179 167 116 192 154 255
255 154 164  63 135  79  79  72 135 129 201 214 164 139 205 255
255 179 183 183 129  72 217  98 123 129 139 101 170  57 179 255
255 179 170 107  63  88 157 139 154 179 126  63 132 107 230 255
255 205 176 113 151 139 126 120 116 142 201 214 113  76 255 255
255 255 154 154 116 167 179 135 164  88 116  28  94 113 242 255
255 179 142 142 154 129 148 142 176 126  91 205  57 101 192 255
255 142 145 101 142 179 189  76  25  76 120 113  69 151 192 255
255 142 176 145 142  79 176 139 113 113 126 132 170 126 192 255
255 205 142 142 179 205 205 205 205 255 142 192 230 205 255 255
255 255 255 255 255 255 255 255 255 255 255 255 255 255 255 255
255 255 255 255 255 255 255 255 255 255 255 255 255 255 255 255
255 205 142 142 179 205 205 230 192 142 154 179 142 142 205 255
255 142 176 145 142 192  13 107 116 104 192 142 145 176 142 255
255 142 145 101 142 142 170  63  91 116 142 142 101 145 142 255
255 179 142 142 154 179 157 151 151  57 142 154 142 142 179 255
255 154  79 129 205 154  88 132 145 101 179 167 116 192 154 255
255 154 164  63 135  79  79  72 135 129 201 214 164 139 205 255
255 179 183 183 129  72 217  98 123 129 139 101 170  57 179 255
255 179 170 107  63  88 157 139 154 179 126  63 132 107 230 255
255 205 176 113 151 139 126 120 116 142 201 214 113  76 255 255
255 255 154 154 116 167 179 135 164  88 116  28  94 113 242 255
255 179 142 142 154 129 148 142 176 126  91 205  57 101 192 255
255 142 145 101 142 179 189  76  25  76 120 113  69 151 192 255
255 142 176 145 142  79 176 139 113 113 126 132 170 126 192 255
255 205 142 142 179 205 205 205 205 255 142 192 230 205 255 255
255 255 255 255 255 255 255 255 255 255 255 255 255 255 255 255
255 255 255 255 255 255 255 255 255 255 255 255 255 255 255 255
255 205 142 142 179 205 205 230 192 142 154 179 142 142 205 255
255 142 176 145 142 192  13 107 116 104 192 142 145 176 142 255
255 142 145 101 142 142 170  63  91 116 142 142 101 145 142 255
255 179 142 142 154 179 157 151 151  57 142 154 142 142 179 255
255 154  79 129 205 154  88 132 145 101 179 167 116 192 154 255
255 154 164  63 135  79  79  72 135 129 201 214 164 139 205 255
255 179 183 183 129  72 217  98 123 129 139 101 170  57 179 255
255 179 170 107  63  88 157 139 154 179 126  63 132 107 230 255
255 205 176 113 151 139 126 120 116 142 201 214 113  76 255 255
255 255 154 154 116 167 179 135 164  88 116  28  94 113 242 255
255 179 142 142 154 129 148 142 176 126  91 205  57 101 192 255
255 142 145 101 142 179 189  76  25  76 120 113  69 151 192 255
255 142 176 145 142  79 176 139 113 113 126 132 170 126 192 255
255 205 142 142 179 205 205 205 205 255 142 192 230 205 255 255
255 255 255 255 255 255 255 255 255 255 255 255 255 255 255 255

  0   0   0   0   0   0   0   0   0   0   0   0   0   0   0   0
255 255 255 255 255 255 255 255 255 255 255 255 255 255 255 255
255 205 142 142 179 154 205 179 230 255 242 192 192 192 255 255
255 142 176 145 142 192 139  57 107  76 113 101 151 126 205 255
255 142 145 101 142 116 164 170 132 113  94  57  69 170 230 255
255 179 142 142 154 167 214 101  63 214  28 205 113 132 192 255
255 154 192 142 142 179 201 139 126 201 116  91 120 126 142 255
255 142 104 116  57 101 129 129 179 142  88 126  76 113 255 255
255 192 116  91 151 145 135 123 154 116 164 176  25 113 205 255
255 230 107  63 151 132  72  98 139 120 135 142  76 139 205 255
255 205  13 170 157  88  79 217 157 126 179 148 189 176 205 255
255 205 192 142 179 154  79  72  88 139 167 129 179  79 205 255
255 179 142 142 154 205 135 129  63 151 116 154 142 142 179 255
255 142 145 101 142 129  63 183 107 113 154 142 101 145 142 255
255 142 176 145 142  79 164 183 170 176 154 142 145 176 142 255
255 205 142 142 179 154 154 179 179 205 255 179 142 142 205 255
  0   0   0   0   0   0   0   0   0   0   0   0   0   0   0   0
255 255 255 255 255 255 255 255 255 255 255 255 255 255 255 255
255 205 142 142 179 154 205 179 230 255 242 192 192 192 255 255
255 142 176 145 142 192 139  57 107  76 113 101 151 126 205 255
255 142 145 101 142 116 164 170 132 113  94  57  69 170 230 255
255 179 142 142 154 167 214 101  63 214  28 205 113 132 192 255
255 154 192 142 142 179 201 139 126 201 116  91 120 126 142 255
255 142 104 116  57 101 129 129 179 142  88 126  76 113 255 255
255 192 116  91 151 145 135 123 154 116 164 176  25 113 205 255
255 230 107  63 151 132  72  98 139 120 135 142  76 139 205 255
255 205  13 170 157  88  79 217 157 126 179 148 189 176 205 255
255 205 192 142 179 154  79  72  88 139 167 129 179  79 205 255
255 179 142 142 154 205 135 129  63 151 116 154 142 142 179 255
255 142 145 101 142 129  63 183 107 113 154 142 101 145 142 255
255 142 176 145 142  79 164 183 170 176 154 142 145 176 142 255
255 205 142 142 179 154 154 179 179 205 255 179 142 142 205 255
  0   0   0   0   0   0   0   0   0   0   0   0   0   0   0   0
255 255 255 255 255 255 255 255 255 255 255 255 255 255 255 255
255 205 142 142 179 154 205 179 230 255 242 192 192 192 255 255
255 142 176 145 142 192 139  57 107  76 113 101 151 126 205 255
255 142 145 101 142 116 164 170 132 113  94  57  69 170 230 255
255 179 142 142 154 167 214 101  63 214  28 205 113 132 192 255
255 154 192 142 142 179 201 139 126 201 116  91 120 126 142 255
255 142 104 116  57 101 129 129 179 142  88 126  76 113 255 255
255 192 116  91 151 145 135 123 154 116 164 176  25 113 205 255
255 230 107  63 151 132  72  98 139 120 135 142  76 139 205 255
255 205  13 170 157  88  79 217 157 126 179 148 189 176 205 255
255 205 192 142 179 154  79  72  88 139 167 129 179  79 205 255
255 179 142 142 154 205 135 129  63 151 116 154 142 142 179 255
255 142 145 101 142 129  63 183 107 113 154 142 101 145 142 255
255 142 176 145 142  79 164 183 170 176 154 142 145 176 142 255
255 205 142 142 179 154 154 179 179 205 255 179 142 142 205 255

  0   0   0   0   0   0   0   0   0   0   0   0   0   0   0   0
  0 255 255 255 255 255 255 255 255 255 255 255 255 255 255 255
  0 255 255 205 230 192 142 255 205 205 205 205 179 142 142 205
  0 255 192 126 170 132 126 113 113 139 176  79 142 145 176 142
  0 255 192 151  69 113 120  76  25  76 189 179 142 101 145 142
  0 255 192 101  57 205  91 126 176 142 148 129 154 142 142 179
  0 255 242 113  94  28 116  88 164 135 179 167 116 154 154 255
  0 255 255  76 113 214 201 142 116 120 126 139 151 113 176 205
  0 255 230 107 132  63 126 179 154 139 157  88  63 107 170 179
  0 255 179  57 170 101 139 129 123  98 217  72 129 183 183 179
  0 255 205 139 164 214 201 129 135  72  79  79 135  63 164 154
  0 255 154 192 116 167 179 101 145 132  88 154 205 129  79 154
  0 255 179 142 142 154 142  57 151 151 157 179 154 142 142 179
  0 255 142 145 101 142 142 116  91  63 170 142 142 101 145 142
  0 255 142 176 145 142 192 104 116 107  13 192 142 145 176 142
  0 255 205 142 142 179 154 142 192 230 205 205 179 142 142 205
  0   0   0   0   0   0   0   0   0   0   0   0   0   0   0   0
  0 255 255 255 255 255 255 255 255 255 255 255 255 255 255 255
  0 255 255 205 230 192 142 255 205 205 205 205 179 142 142 205
  0 255 192 126 170 132 126 113 113 139 176  79 142 145 176 142
  0 255 192 151  69 113 120  76  25  76 189 179 142 101 145 142
  0 255 192 101  57 205  91 126 176 142 148 129 154 142 142 179
  0 255 242 113  94  28 116  88 164 135 179 167 116 154 154 255
  0 255 255  76 113 214 201 142 116 120 126 139 151 113 176 205
  0 255 230 107 132  63 126 179 154 139 157  88  63 107 170 179
  0 255 179  57 170 101 139 129 123  98 217  72 129 183 183 179
  0 255 205 139 164 214 201 129 135  72  79  79 135  63 164 154
  0 255 154 192 116 167 179 101 145 132  88 154 205 129  79 154
  0 255 179 142 142 154 142  57 151 151 157 179 154 142 142 179
  0 255 142 145 101 142 142 116  91  63 170 142 142 101 145 142
  0 255 142 176 145 142 192 104 116 107  13 192 142 145 176 142
  0 255 205 142 142 179 154 142 192 230 205 205 179 142 142 205
  0   0   0   0   0   0   0   0   0   0   0   0   0   0   0   0
  0 255 255 255 255 255 255 255 255 255 255 255 255 255 255 255
  0 255 255 205 230 192 142 255 205 205 205 205 179 142 142 205
  0 255 192 126 170 132 126 113 113 139 176  79 142 145 176 142
  0 255 192 151  69 113 120  76  25  76 189 179 142 101 145 142
  0 255 192 101  57 205  91 126 176 142 148 129 154 142 142 179
  0 255 242 113  94  28 116  88 164 135 179 167 116 154 154 255
  0 255 255  76 113 214 201 142 116 120 126 139 151 113 176 205
  0 255 230 107 132  63 126 179 154 139 157  88  63 107 170 179
  0 255 179  57 170 101 139 129 123  98 217  72 129 183 183 179
  0 255 205 139 164 214 201 129 135  72  79  79 135  63 164 154
  0 255 154 192 116 167 179 101 145 132  88 154 205 129  79 154
  0 255 179 142 142 154 142  57 151 151 157 179 154 142 142 179
  0 255 142 145 101 142 142 116  91  63 170 142 142 101 145 142
  0 255 142 176 145 142 192 104 116 107  13 192 142 145 176 142
  0 255 205 142 142 179 154 142 192 230 205 205 179 142 142 205

  0 255 255 255 255 255 255 255 255 255 255 255 255 255 255 255
  0 255 205 142 142 179 255 205 179 179 154 154 179 142 142 205
  0 255 142 176 145 142 154 176 170 183 164  79 142 145 176 142
  0 255 142 145 101 142 154 113 107 183  63 129 142 101 145 142
  0 255 179 142 142 154 116 151  63 129 135 205 154 142 142 179
  0 255 205  79 179 129 167 139  88  72  79 154 179 142 192 205
  0 255 205 176 189 148 179 126 157 217  79  88 157 170  13 205
  0 255 205 139  76 142 135 120 139  98  72 132 151  63 107 230
  0 255 205 113  25 176 164 116 154 123 135 145 151  91 116 192
  0 255 255 113  76 126  88 142 179 129 129 101  57 116 104 142
  0 255 142 126 120  91 116 201 126 139 201 179 142 142 192 154
  0 255 192 132 113 205  28 214  63 101 214 167 154 142 142 179
  0 255 230 170  69  57  94 113 132 170 164 116 142 101 145 142
  0 255 205 126 151 101 113  76 107  57 139 192 142 145 176 142
  0 255 255 192 192 192 242 255 230 179 205 154 179 142 142 205
  0 255 255 255 255 255 255 255 255 255 255 255 255 255 255 255
  0 255 255 255 255 255 255 255 255 255 255 255 255 255 255 255
  0 255 205 142 142 179 255 205 179 179 154 154 179 142 142 205
  0 255 142 176 145 142 154 176 170 183 164  79 142 145 176 142
  0 255 142 145 101 142 154 113 107 183  63 129 142 101 145 142
  0 255 179 142 142 154 116 151  63 129 135 205 154 142 142 179
  0 255 205  79 179 129 167 139  88  72  79 154 179 142 192 205
  0 255 205 176 189 148 179 126 157 217  79  88 157 170  13 205
  0 255 205 139  76 142 135 120 139  98  72 132 151  63 107 230
  0 255 205 113  25 176 164 116 154 123 135 145 151  91 116 192
  0 255 255 113  76 126  88 142 179 129 129 101  57 116 104 142
  0 255 142 126 120  91 116 201 126 139 201 179 142 142 192 154
  0 255 192 132 113 205  28 214  63 101 214 167 154 142 142 179
  0 255 230 170  69  57  94 113 132 170 164 116 142 101 145 142
  0 255 205 126 151 101 113  76 107  57 139 192 142 145 176 142
  0 255 255 192 192 192 242 255 230 179 205 154 179 142 142 205
  0 255 255 255 255 255 255 255 255 255 255 255 255 255 255 255
  0 255 255 255 255 255 255 255 255 255 255 255 255 255 255 255
  0 255 205 142 142 179 255 205 179 179 154 154 179 142 142 205
  0 255 142 176 145 142 154 176 170 183 164  79 142 145 176 142
  0 255 142 145 101 142 154 113 107 183  63 129 142 101 145 142
  0 255 179 142 142 154 116 151  63 129 135 205 154 142 142 179
  0 255 205  79 179 129 167 139  88  72  79 154 179 142 192 205
  0 255 205 176 189 148 179 126 157 217  79  88 157 170  13 205
  0 255 205 139  76 142 135 120 139  98  72 132 151  63 107 230
  0 255 205 113  25 176 164 116 154 123 135 145 151  91 116 192
  0 255 255 113  76 126  88 142 179 129 129 101  57 116 104 142
  0 255 142 126 120  91 116 201 126 139 201 179 142 142 192 154
  0 255 192 132 113 205  28 214  63 101 214 167 154 142 142 179
  0 255 230 170  69  57  94 113 132 170 164 116 142 101 145 142
  0 255 205 126 151 101 113  76 107  57 139 192 142 145 176 142
  0 255 255 192 192 192 242 255 230 179 205 154 179 142 142 205
  0 255 255 255 255 255 255 255 255 255 255 255 255 255 255 255
